0.000000000, 0.000000 
0.000000002, 0.000000 
0.000000004, 0.000000 
0.000000006, 0.000000 
0.000000008, 0.000000 
0.000000010, 0.000000 
0.000000012, 0.000001 
0.000000014, 0.000001 
0.000000016, 0.000001 
0.000000018, 0.000002 
0.000000020, 0.000003 
0.000000022, 0.000005 
0.000000024, 0.000007 
0.000000026, 0.000010 
0.000000028, 0.000015 
0.000000032, 0.000032 
0.000000034, 0.000045 
0.000000036, 0.000064 
0.000000038, 0.000091 
0.000000040, 0.000127 
0.000000042, 0.000177 
0.000000044, 0.000244 
0.000000046, 0.000335 
0.000000048, 0.000456 
0.000000050, 0.000616 
0.000000052, 0.000827 
0.000000054, 0.001102 
0.000000056, 0.001458 
0.000000058, 0.001915 
0.000000062, 0.003234 
0.000000064, 0.004156 
0.000000066, 0.005302 
0.000000068, 0.006714 
0.000000070, 0.008439 
0.000000072, 0.010528 
0.000000074, 0.013036 
0.000000076, 0.016018 
0.000000078, 0.019531 
0.000000080, 0.023631 
0.000000082, 0.028370 
0.000000084, 0.033790 
0.000000086, 0.039925 
0.000000088, 0.046795 
0.000000090, 0.054401 
0.000000092, 1.499200 
0.000000094, 1.499200 
0.000000096, 1.499200 
0.000000098, 1.499200 
0.000000100, 1.499200 
0.000000102, 1.499200 
0.000000104, 1.499200 
0.000000106, 1.499200 
0.000000108, 1.499200 
0.000000110, 1.499200 
0.000000112, 1.499200 
0.000000114, 1.499200 
0.000000116, 1.499200 
0.000000118, 1.499200 
0.000000124, 1.499200 
0.000000128, 2.968600 
0.000000130, 5.289200 
0.000000132, 10.036000 
0.000000134, 19.746000 
0.000000136, 39.603000 
0.000000138, 80.190000 
0.000000140, 163.070000 
0.000000142, 332.010000 
0.000000144, 675.020000 
0.000000146, 1365.900000 
0.000000148, 2735.100000 
0.000000150, 5359.900000 
0.000000152, 10062.000000 
0.000000154, 17397.000000 
0.000000156, 25934.000000 
0.000000158, 30479.000000 
0.000000160, 28922.000000 
0.000000162, 26059.000000 
0.000000164, 22768.000000 
0.000000166, 19499.000000 
0.000000168, 16470.000000 
0.000000170, 13768.000000 
0.000000172, 11418.000000 
0.000000174, 9406.900000 
0.000000176, 7707.600000 
0.000000178, 5463.600000 
0.000000180, 5987.700000 
0.000000182, 6434.300000 
0.000000184, 6792.900000 
0.000000186, 7056.500000 
0.000000188, 7222.000000 
0.000000190, 7289.400000 
0.000000192, 7262.300000 
0.000000194, 7146.700000 
0.000000196, 6951.000000 
0.000000198, 6685.300000 
0.000000200, 6360.900000 
0.000000202, 5989.800000 
0.000000204, 5584.000000 
0.000000206, 5155.200000 
0.000000208, 4714.300000 
0.000000210, 4271.400000 
0.000000212, 3835.300000 
0.000000214, 3413.200000 
0.000000216, 3011.300000 
0.000000218, 2634.000000 
0.000000220, 2284.700000 
0.000000222, 1965.400000 
0.000000224, 1676.900000 
0.000000226, 1419.200000 
0.000000228, 1191.600000 
0.000000230, 992.570000 
0.000000232, 820.360000 
0.000000234, 672.800000 
0.000000236, 547.550000 
0.000000238, 442.240000 
0.000000246, 174.570000 
0.000000248, 135.830000 
0.000000250, 104.920000 
0.000000256, 46.286000 
0.000000258, 34.732000 
0.000000260, 25.876000 
0.000000262, 19.142000 
0.000000264, 14.060000 
0.000000266, 10.254000 
0.000000268, 7.426100 
0.000000270, 5.340300 
0.000000272, 3.813600 
0.000000274, 2.704400 
0.000000276, 1.904500 
0.000000278, 1.331900 
0.000000280, 0.925010 
0.000000282, 0.638010 
0.000000284, 0.437030 
0.000000286, 0.297310 
0.000000288, 0.200870 
0.000000290, 0.134790 
0.000000292, 0.089832 
0.000000294, 0.059462 
0.000000296, 0.039091 
0.000000298, 0.025525 
0.000000300, 0.016554 
0.000000302, 0.010664 
0.000000304, 0.006823 
0.000000306, 0.004336 
0.000000308, 0.002737 
0.000000310, 0.001716 
0.000000312, 0.001069 
0.000000314, 0.000661 
0.000000316, 0.000406 
0.000000318, 0.000248 
0.000000320, 0.000150 
0.000000322, 0.000091 
0.000000324, 0.000054 
0.000000326, 0.000032 
0.000000328, 0.000019 
0.000000330, 0.000011 
0.000000332, 0.000006 
0.000000334, 0.000004 
0.000000336, 0.000002 
0.000000338, 0.000001 
0.000000340, 0.000001 
0.000000342, 0.000000 
0.000000344, 0.000000 
0.000000346, 0.000000 
0.000000348, 0.000000 
0.000000350, 0.000000 
0.000000352, 0.000000 
0.000000354, 0.000000 
0.000000356, 0.000000 
0.000000358, 0.000000 
0.000000360, 0.000000 
0.000000362, 0.000000 
0.000000364, 0.000000 
0.000000366, 0.000000 
0.000000368, 0.000000 
0.000000370, 0.000000 
0.000000372, 0.000000 
0.000000374, 0.000000 
0.000000376, 0.000000 
0.000000378, 0.000000 
0.000000380, 0.000000 
0.000000382, 0.000000 
0.000000384, 0.000000 
0.000000386, 0.000000 
0.000000388, 0.000000 
0.000000390, 0.000000 
0.000000392, 0.000000 
0.000000394, 0.000000 
0.000000396, 0.000000 
0.000000398, 0.000000 
0.000000400, 0.000000 
0.000000401, 0.000000 
0.001000000, 0.000000 
0.001000002, 0.000000 
0.001000004, 0.000000 
0.001000006, 0.000000 
0.001000008, 0.000000 
0.001000010, 0.000000 
0.001000012, 0.000001 
0.001000014, 0.000001 
0.001000016, 0.000001 
0.001000018, 0.000002 
0.001000020, 0.000003 
0.001000022, 0.000005 
0.001000024, 0.000007 
0.001000026, 0.000010 
0.001000028, 0.000015 
0.001000032, 0.000032 
0.001000034, 0.000045 
0.001000036, 0.000064 
0.001000038, 0.000091 
0.001000040, 0.000127 
0.001000042, 0.000177 
0.001000044, 0.000244 
0.001000046, 0.000335 
0.001000048, 0.000456 
0.001000050, 0.000616 
0.001000052, 0.000827 
0.001000054, 0.001102 
0.001000056, 0.001458 
0.001000058, 0.001915 
0.001000062, 0.003234 
0.001000064, 0.004156 
0.001000066, 0.005302 
0.001000068, 0.006714 
0.001000070, 0.008439 
0.001000072, 0.010528 
0.001000074, 0.013036 
0.001000076, 0.016018 
0.001000078, 0.019531 
0.001000080, 0.023631 
0.001000082, 0.028370 
0.001000084, 0.033790 
0.001000086, 0.039925 
0.001000088, 0.046795 
0.001000090, 0.054401 
0.001000092, 1.499200 
0.001000094, 1.499200 
0.001000096, 1.499200 
0.001000098, 1.499200 
0.001000100, 1.499200 
0.001000102, 1.499200 
0.001000104, 1.499200 
0.001000106, 1.499200 
0.001000108, 1.499200 
0.001000110, 1.499200 
0.001000112, 1.499200 
0.001000114, 1.499200 
0.001000116, 1.499200 
0.001000118, 1.499200 
0.001000124, 1.499200 
0.001000128, 2.968600 
0.001000130, 5.289200 
0.001000132, 10.036000 
0.001000134, 19.746000 
0.001000136, 39.603000 
0.001000138, 80.190000 
0.001000140, 163.070000 
0.001000142, 332.010000 
0.001000144, 675.020000 
0.001000146, 1365.900000 
0.001000148, 2735.100000 
0.001000150, 5359.900000 
0.001000152, 10062.000000 
0.001000154, 17397.000000 
0.001000156, 25934.000000 
0.001000158, 30479.000000 
0.001000160, 28922.000000 
0.001000162, 26059.000000 
0.001000164, 22768.000000 
0.001000166, 19499.000000 
0.001000168, 16470.000000 
0.001000170, 13768.000000 
0.001000172, 11418.000000 
0.001000174, 9406.900000 
0.001000176, 7707.600000 
0.001000178, 5463.600000 
0.001000180, 5987.700000 
0.001000182, 6434.300000 
0.001000184, 6792.900000 
0.001000186, 7056.500000 
0.001000188, 7222.000000 
0.001000190, 7289.400000 
0.001000192, 7262.300000 
0.001000194, 7146.700000 
0.001000196, 6951.000000 
0.001000198, 6685.300000 
0.001000200, 6360.900000 
0.001000202, 5989.800000 
0.001000204, 5584.000000 
0.001000206, 5155.200000 
0.001000208, 4714.300000 
0.001000210, 4271.400000 
0.001000212, 3835.300000 
0.001000214, 3413.200000 
0.001000216, 3011.300000 
0.001000218, 2634.000000 
0.001000220, 2284.700000 
0.001000222, 1965.400000 
0.001000224, 1676.900000 
0.001000226, 1419.200000 
0.001000228, 1191.600000 
0.001000230, 992.570000 
0.001000232, 820.360000 
0.001000234, 672.800000 
0.001000236, 547.550000 
0.001000238, 442.240000 
0.001000246, 174.570000 
0.001000248, 135.830000 
0.001000250, 104.920000 
0.001000256, 46.286000 
0.001000258, 34.732000 
0.001000260, 25.876000 
0.001000262, 19.142000 
0.001000264, 14.060000 
0.001000266, 10.254000 
0.001000268, 7.426100 
0.001000270, 5.340300 
0.001000272, 3.813600 
0.001000274, 2.704400 
0.001000276, 1.904500 
0.001000278, 1.331900 
0.001000280, 0.925010 
0.001000282, 0.638010 
0.001000284, 0.437030 
0.001000286, 0.297310 
0.001000288, 0.200870 
0.001000290, 0.134790 
0.001000292, 0.089832 
0.001000294, 0.059462 
0.001000296, 0.039091 
0.001000298, 0.025525 
0.001000300, 0.016554 
0.001000302, 0.010664 
0.001000304, 0.006823 
0.001000306, 0.004336 
0.001000308, 0.002737 
0.001000310, 0.001716 
0.001000312, 0.001069 
0.001000314, 0.000661 
0.001000316, 0.000406 
0.001000318, 0.000248 
0.001000320, 0.000150 
0.001000322, 0.000091 
0.001000324, 0.000054 
0.001000326, 0.000032 
0.001000328, 0.000019 
0.001000330, 0.000011 
0.001000332, 0.000006 
0.001000334, 0.000004 
0.001000336, 0.000002 
0.001000338, 0.000001 
0.001000340, 0.000001 
0.001000342, 0.000000 
0.001000344, 0.000000 
0.001000346, 0.000000 
0.001000348, 0.000000 
0.001000350, 0.000000 
0.001000352, 0.000000 
0.001000354, 0.000000 
0.001000356, 0.000000 
0.001000358, 0.000000 
0.001000360, 0.000000 
0.001000362, 0.000000 
0.001000364, 0.000000 
0.001000366, 0.000000 
0.001000368, 0.000000 
0.001000370, 0.000000 
0.001000372, 0.000000 
0.001000374, 0.000000 
0.001000376, 0.000000 
0.001000378, 0.000000 
0.001000380, 0.000000 
0.001000382, 0.000000 
0.001000384, 0.000000 
0.001000386, 0.000000 
0.001000388, 0.000000 
0.001000390, 0.000000 
0.001000392, 0.000000 
0.001000394, 0.000000 
0.001000396, 0.000000 
0.001000398, 0.000000 
0.001000400, 0.000000 
0.001000401, 0.000000 
0.002000000, 0.000000 
0.002000002, 0.000000 
0.002000004, 0.000000 
0.002000006, 0.000000 
0.002000008, 0.000000 
0.002000010, 0.000000 
0.002000012, 0.000001 
0.002000014, 0.000001 
0.002000016, 0.000001 
0.002000018, 0.000002 
0.002000020, 0.000003 
0.002000022, 0.000005 
0.002000024, 0.000007 
0.002000026, 0.000010 
0.002000028, 0.000015 
0.002000032, 0.000032 
0.002000034, 0.000045 
0.002000036, 0.000064 
0.002000038, 0.000091 
0.002000040, 0.000127 
0.002000042, 0.000177 
0.002000044, 0.000244 
0.002000046, 0.000335 
0.002000048, 0.000456 
0.002000050, 0.000616 
0.002000052, 0.000827 
0.002000054, 0.001102 
0.002000056, 0.001458 
0.002000058, 0.001915 
0.002000062, 0.003234 
0.002000064, 0.004156 
0.002000066, 0.005302 
0.002000068, 0.006714 
0.002000070, 0.008439 
0.002000072, 0.010528 
0.002000074, 0.013036 
0.002000076, 0.016018 
0.002000078, 0.019531 
0.002000080, 0.023631 
0.002000082, 0.028370 
0.002000084, 0.033790 
0.002000086, 0.039925 
0.002000088, 0.046795 
0.002000090, 0.054401 
0.002000092, 1.499200 
0.002000094, 1.499200 
0.002000096, 1.499200 
0.002000098, 1.499200 
0.002000100, 1.499200 
0.002000102, 1.499200 
0.002000104, 1.499200 
0.002000106, 1.499200 
0.002000108, 1.499200 
0.002000110, 1.499200 
0.002000112, 1.499200 
0.002000114, 1.499200 
0.002000116, 1.499200 
0.002000118, 1.499200 
0.002000124, 1.499200 
0.002000128, 2.968600 
0.002000130, 5.289200 
0.002000132, 10.036000 
0.002000134, 19.746000 
0.002000136, 39.603000 
0.002000138, 80.190000 
0.002000140, 163.070000 
0.002000142, 332.010000 
0.002000144, 675.020000 
0.002000146, 1365.900000 
0.002000148, 2735.100000 
0.002000150, 5359.900000 
0.002000152, 10062.000000 
0.002000154, 17397.000000 
0.002000156, 25934.000000 
0.002000158, 30479.000000 
0.002000160, 28922.000000 
0.002000162, 26059.000000 
0.002000164, 22768.000000 
0.002000166, 19499.000000 
0.002000168, 16470.000000 
0.002000170, 13768.000000 
0.002000172, 11418.000000 
0.002000174, 9406.900000 
0.002000176, 7707.600000 
0.002000178, 5463.600000 
0.002000180, 5987.700000 
0.002000182, 6434.300000 
0.002000184, 6792.900000 
0.002000186, 7056.500000 
0.002000188, 7222.000000 
0.002000190, 7289.400000 
0.002000192, 7262.300000 
0.002000194, 7146.700000 
0.002000196, 6951.000000 
0.002000198, 6685.300000 
0.002000200, 6360.900000 
0.002000202, 5989.800000 
0.002000204, 5584.000000 
0.002000206, 5155.200000 
0.002000208, 4714.300000 
0.002000210, 4271.400000 
0.002000212, 3835.300000 
0.002000214, 3413.200000 
0.002000216, 3011.300000 
0.002000218, 2634.000000 
0.002000220, 2284.700000 
0.002000222, 1965.400000 
0.002000224, 1676.900000 
0.002000226, 1419.200000 
0.002000228, 1191.600000 
0.002000230, 992.570000 
0.002000232, 820.360000 
0.002000234, 672.800000 
0.002000236, 547.550000 
0.002000238, 442.240000 
0.002000246, 174.570000 
0.002000248, 135.830000 
0.002000250, 104.920000 
0.002000256, 46.286000 
0.002000258, 34.732000 
0.002000260, 25.876000 
0.002000262, 19.142000 
0.002000264, 14.060000 
0.002000266, 10.254000 
0.002000268, 7.426100 
0.002000270, 5.340300 
0.002000272, 3.813600 
0.002000274, 2.704400 
0.002000276, 1.904500 
0.002000278, 1.331900 
0.002000280, 0.925010 
0.002000282, 0.638010 
0.002000284, 0.437030 
0.002000286, 0.297310 
0.002000288, 0.200870 
0.002000290, 0.134790 
0.002000292, 0.089832 
0.002000294, 0.059462 
0.002000296, 0.039091 
0.002000298, 0.025525 
0.002000300, 0.016554 
0.002000302, 0.010664 
0.002000304, 0.006823 
0.002000306, 0.004336 
0.002000308, 0.002737 
0.002000310, 0.001716 
0.002000312, 0.001069 
0.002000314, 0.000661 
0.002000316, 0.000406 
0.002000318, 0.000248 
0.002000320, 0.000150 
0.002000322, 0.000091 
0.002000324, 0.000054 
0.002000326, 0.000032 
0.002000328, 0.000019 
0.002000330, 0.000011 
0.002000332, 0.000006 
0.002000334, 0.000004 
0.002000336, 0.000002 
0.002000338, 0.000001 
0.002000340, 0.000001 
0.002000342, 0.000000 
0.002000344, 0.000000 
0.002000346, 0.000000 
0.002000348, 0.000000 
0.002000350, 0.000000 
0.002000352, 0.000000 
0.002000354, 0.000000 
0.002000356, 0.000000 
0.002000358, 0.000000 
0.002000360, 0.000000 
0.002000362, 0.000000 
0.002000364, 0.000000 
0.002000366, 0.000000 
0.002000368, 0.000000 
0.002000370, 0.000000 
0.002000372, 0.000000 
0.002000374, 0.000000 
0.002000376, 0.000000 
0.002000378, 0.000000 
0.002000380, 0.000000 
0.002000382, 0.000000 
0.002000384, 0.000000 
0.002000386, 0.000000 
0.002000388, 0.000000 
0.002000390, 0.000000 
0.002000392, 0.000000 
0.002000394, 0.000000 
0.002000396, 0.000000 
0.002000398, 0.000000 
0.002000400, 0.000000 
0.002000401, 0.000000 
0.003000000, 0.000000 
0.003000002, 0.000000 
0.003000004, 0.000000 
0.003000006, 0.000000 
0.003000008, 0.000000 
0.003000010, 0.000000 
0.003000012, 0.000001 
0.003000014, 0.000001 
0.003000016, 0.000001 
0.003000018, 0.000002 
0.003000020, 0.000003 
0.003000022, 0.000005 
0.003000024, 0.000007 
0.003000026, 0.000010 
0.003000028, 0.000015 
0.003000032, 0.000032 
0.003000034, 0.000045 
0.003000036, 0.000064 
0.003000038, 0.000091 
0.003000040, 0.000127 
0.003000042, 0.000177 
0.003000044, 0.000244 
0.003000046, 0.000335 
0.003000048, 0.000456 
0.003000050, 0.000616 
0.003000052, 0.000827 
0.003000054, 0.001102 
0.003000056, 0.001458 
0.003000058, 0.001915 
0.003000062, 0.003234 
0.003000064, 0.004156 
0.003000066, 0.005302 
0.003000068, 0.006714 
0.003000070, 0.008439 
0.003000072, 0.010528 
0.003000074, 0.013036 
0.003000076, 0.016018 
0.003000078, 0.019531 
0.003000080, 0.023631 
0.003000082, 0.028370 
0.003000084, 0.033790 
0.003000086, 0.039925 
0.003000088, 0.046795 
0.003000090, 0.054401 
0.003000092, 1.499200 
0.003000094, 1.499200 
0.003000096, 1.499200 
0.003000098, 1.499200 
0.003000100, 1.499200 
0.003000102, 1.499200 
0.003000104, 1.499200 
0.003000106, 1.499200 
0.003000108, 1.499200 
0.003000110, 1.499200 
0.003000112, 1.499200 
0.003000114, 1.499200 
0.003000116, 1.499200 
0.003000118, 1.499200 
0.003000124, 1.499200 
0.003000128, 2.968600 
0.003000130, 5.289200 
0.003000132, 10.036000 
0.003000134, 19.746000 
0.003000136, 39.603000 
0.003000138, 80.190000 
0.003000140, 163.070000 
0.003000142, 332.010000 
0.003000144, 675.020000 
0.003000146, 1365.900000 
0.003000148, 2735.100000 
0.003000150, 5359.900000 
0.003000152, 10062.000000 
0.003000154, 17397.000000 
0.003000156, 25934.000000 
0.003000158, 30479.000000 
0.003000160, 28922.000000 
0.003000162, 26059.000000 
0.003000164, 22768.000000 
0.003000166, 19499.000000 
0.003000168, 16470.000000 
0.003000170, 13768.000000 
0.003000172, 11418.000000 
0.003000174, 9406.900000 
0.003000176, 7707.600000 
0.003000178, 5463.600000 
0.003000180, 5987.700000 
0.003000182, 6434.300000 
0.003000184, 6792.900000 
0.003000186, 7056.500000 
0.003000188, 7222.000000 
0.003000190, 7289.400000 
0.003000192, 7262.300000 
0.003000194, 7146.700000 
0.003000196, 6951.000000 
0.003000198, 6685.300000 
0.003000200, 6360.900000 
0.003000202, 5989.800000 
0.003000204, 5584.000000 
0.003000206, 5155.200000 
0.003000208, 4714.300000 
0.003000210, 4271.400000 
0.003000212, 3835.300000 
0.003000214, 3413.200000 
0.003000216, 3011.300000 
0.003000218, 2634.000000 
0.003000220, 2284.700000 
0.003000222, 1965.400000 
0.003000224, 1676.900000 
0.003000226, 1419.200000 
0.003000228, 1191.600000 
0.003000230, 992.570000 
0.003000232, 820.360000 
0.003000234, 672.800000 
0.003000236, 547.550000 
0.003000238, 442.240000 
0.003000246, 174.570000 
0.003000248, 135.830000 
0.003000250, 104.920000 
0.003000256, 46.286000 
0.003000258, 34.732000 
0.003000260, 25.876000 
0.003000262, 19.142000 
0.003000264, 14.060000 
0.003000266, 10.254000 
0.003000268, 7.426100 
0.003000270, 5.340300 
0.003000272, 3.813600 
0.003000274, 2.704400 
0.003000276, 1.904500 
0.003000278, 1.331900 
0.003000280, 0.925010 
0.003000282, 0.638010 
0.003000284, 0.437030 
0.003000286, 0.297310 
0.003000288, 0.200870 
0.003000290, 0.134790 
0.003000292, 0.089832 
0.003000294, 0.059462 
0.003000296, 0.039091 
0.003000298, 0.025525 
0.003000300, 0.016554 
0.003000302, 0.010664 
0.003000304, 0.006823 
0.003000306, 0.004336 
0.003000308, 0.002737 
0.003000310, 0.001716 
0.003000312, 0.001069 
0.003000314, 0.000661 
0.003000316, 0.000406 
0.003000318, 0.000248 
0.003000320, 0.000150 
0.003000322, 0.000091 
0.003000324, 0.000054 
0.003000326, 0.000032 
0.003000328, 0.000019 
0.003000330, 0.000011 
0.003000332, 0.000006 
0.003000334, 0.000004 
0.003000336, 0.000002 
0.003000338, 0.000001 
0.003000340, 0.000001 
0.003000342, 0.000000 
0.003000344, 0.000000 
0.003000346, 0.000000 
0.003000348, 0.000000 
0.003000350, 0.000000 
0.003000352, 0.000000 
0.003000354, 0.000000 
0.003000356, 0.000000 
0.003000358, 0.000000 
0.003000360, 0.000000 
0.003000362, 0.000000 
0.003000364, 0.000000 
0.003000366, 0.000000 
0.003000368, 0.000000 
0.003000370, 0.000000 
0.003000372, 0.000000 
0.003000374, 0.000000 
0.003000376, 0.000000 
0.003000378, 0.000000 
0.003000380, 0.000000 
0.003000382, 0.000000 
0.003000384, 0.000000 
0.003000386, 0.000000 
0.003000388, 0.000000 
0.003000390, 0.000000 
0.003000392, 0.000000 
0.003000394, 0.000000 
0.003000396, 0.000000 
0.003000398, 0.000000 
0.003000400, 0.000000 
0.003000401, 0.000000 
0.004000000, 0.000000 
0.004000002, 0.000000 
0.004000004, 0.000000 
0.004000006, 0.000000 
0.004000008, 0.000000 
0.004000010, 0.000000 
0.004000012, 0.000001 
0.004000014, 0.000001 
0.004000016, 0.000001 
0.004000018, 0.000002 
0.004000020, 0.000003 
0.004000022, 0.000005 
0.004000024, 0.000007 
0.004000026, 0.000010 
0.004000028, 0.000015 
0.004000032, 0.000032 
0.004000034, 0.000045 
0.004000036, 0.000064 
0.004000038, 0.000091 
0.004000040, 0.000127 
0.004000042, 0.000177 
0.004000044, 0.000244 
0.004000046, 0.000335 
0.004000048, 0.000456 
0.004000050, 0.000616 
0.004000052, 0.000827 
0.004000054, 0.001102 
0.004000056, 0.001458 
0.004000058, 0.001915 
0.004000062, 0.003234 
0.004000064, 0.004156 
0.004000066, 0.005302 
0.004000068, 0.006714 
0.004000070, 0.008439 
0.004000072, 0.010528 
0.004000074, 0.013036 
0.004000076, 0.016018 
0.004000078, 0.019531 
0.004000080, 0.023631 
0.004000082, 0.028370 
0.004000084, 0.033790 
0.004000086, 0.039925 
0.004000088, 0.046795 
0.004000090, 0.054401 
0.004000092, 1.499200 
0.004000094, 1.499200 
0.004000096, 1.499200 
0.004000098, 1.499200 
0.004000100, 1.499200 
0.004000102, 1.499200 
0.004000104, 1.499200 
0.004000106, 1.499200 
0.004000108, 1.499200 
0.004000110, 1.499200 
0.004000112, 1.499200 
0.004000114, 1.499200 
0.004000116, 1.499200 
0.004000118, 1.499200 
0.004000124, 1.499200 
0.004000128, 2.968600 
0.004000130, 5.289200 
0.004000132, 10.036000 
0.004000134, 19.746000 
0.004000136, 39.603000 
0.004000138, 80.190000 
0.004000140, 163.070000 
0.004000142, 332.010000 
0.004000144, 675.020000 
0.004000146, 1365.900000 
0.004000148, 2735.100000 
0.004000150, 5359.900000 
0.004000152, 10062.000000 
0.004000154, 17397.000000 
0.004000156, 25934.000000 
0.004000158, 30479.000000 
0.004000160, 28922.000000 
0.004000162, 26059.000000 
0.004000164, 22768.000000 
0.004000166, 19499.000000 
0.004000168, 16470.000000 
0.004000170, 13768.000000 
0.004000172, 11418.000000 
0.004000174, 9406.900000 
0.004000176, 7707.600000 
0.004000178, 5463.600000 
0.004000180, 5987.700000 
0.004000182, 6434.300000 
0.004000184, 6792.900000 
0.004000186, 7056.500000 
0.004000188, 7222.000000 
0.004000190, 7289.400000 
0.004000192, 7262.300000 
0.004000194, 7146.700000 
0.004000196, 6951.000000 
0.004000198, 6685.300000 
0.004000200, 6360.900000 
0.004000202, 5989.800000 
0.004000204, 5584.000000 
0.004000206, 5155.200000 
0.004000208, 4714.300000 
0.004000210, 4271.400000 
0.004000212, 3835.300000 
0.004000214, 3413.200000 
0.004000216, 3011.300000 
0.004000218, 2634.000000 
0.004000220, 2284.700000 
0.004000222, 1965.400000 
0.004000224, 1676.900000 
0.004000226, 1419.200000 
0.004000228, 1191.600000 
0.004000230, 992.570000 
0.004000232, 820.360000 
0.004000234, 672.800000 
0.004000236, 547.550000 
0.004000238, 442.240000 
0.004000246, 174.570000 
0.004000248, 135.830000 
0.004000250, 104.920000 
0.004000256, 46.286000 
0.004000258, 34.732000 
0.004000260, 25.876000 
0.004000262, 19.142000 
0.004000264, 14.060000 
0.004000266, 10.254000 
0.004000268, 7.426100 
0.004000270, 5.340300 
0.004000272, 3.813600 
0.004000274, 2.704400 
0.004000276, 1.904500 
0.004000278, 1.331900 
0.004000280, 0.925010 
0.004000282, 0.638010 
0.004000284, 0.437030 
0.004000286, 0.297310 
0.004000288, 0.200870 
0.004000290, 0.134790 
0.004000292, 0.089832 
0.004000294, 0.059462 
0.004000296, 0.039091 
0.004000298, 0.025525 
0.004000300, 0.016554 
0.004000302, 0.010664 
0.004000304, 0.006823 
0.004000306, 0.004336 
0.004000308, 0.002737 
0.004000310, 0.001716 
0.004000312, 0.001069 
0.004000314, 0.000661 
0.004000316, 0.000406 
0.004000318, 0.000248 
0.004000320, 0.000150 
0.004000322, 0.000091 
0.004000324, 0.000054 
0.004000326, 0.000032 
0.004000328, 0.000019 
0.004000330, 0.000011 
0.004000332, 0.000006 
0.004000334, 0.000004 
0.004000336, 0.000002 
0.004000338, 0.000001 
0.004000340, 0.000001 
0.004000342, 0.000000 
0.004000344, 0.000000 
0.004000346, 0.000000 
0.004000348, 0.000000 
0.004000350, 0.000000 
0.004000352, 0.000000 
0.004000354, 0.000000 
0.004000356, 0.000000 
0.004000358, 0.000000 
0.004000360, 0.000000 
0.004000362, 0.000000 
0.004000364, 0.000000 
0.004000366, 0.000000 
0.004000368, 0.000000 
0.004000370, 0.000000 
0.004000372, 0.000000 
0.004000374, 0.000000 
0.004000376, 0.000000 
0.004000378, 0.000000 
0.004000380, 0.000000 
0.004000382, 0.000000 
0.004000384, 0.000000 
0.004000386, 0.000000 
0.004000388, 0.000000 
0.004000390, 0.000000 
0.004000392, 0.000000 
0.004000394, 0.000000 
0.004000396, 0.000000 
0.004000398, 0.000000 
0.004000400, 0.000000 
0.004000401, 0.000000 
0.005000000, 0.000000 
0.005000002, 0.000000 
0.005000004, 0.000000 
0.005000006, 0.000000 
0.005000008, 0.000000 
0.005000010, 0.000000 
0.005000012, 0.000001 
0.005000014, 0.000001 
0.005000016, 0.000001 
0.005000018, 0.000002 
0.005000020, 0.000003 
0.005000022, 0.000005 
0.005000024, 0.000007 
0.005000026, 0.000010 
0.005000028, 0.000015 
0.005000032, 0.000032 
0.005000034, 0.000045 
0.005000036, 0.000064 
0.005000038, 0.000091 
0.005000040, 0.000127 
0.005000042, 0.000177 
0.005000044, 0.000244 
0.005000046, 0.000335 
0.005000048, 0.000456 
0.005000050, 0.000616 
0.005000052, 0.000827 
0.005000054, 0.001102 
0.005000056, 0.001458 
0.005000058, 0.001915 
0.005000062, 0.003234 
0.005000064, 0.004156 
0.005000066, 0.005302 
0.005000068, 0.006714 
0.005000070, 0.008439 
0.005000072, 0.010528 
0.005000074, 0.013036 
0.005000076, 0.016018 
0.005000078, 0.019531 
0.005000080, 0.023631 
0.005000082, 0.028370 
0.005000084, 0.033790 
0.005000086, 0.039925 
0.005000088, 0.046795 
0.005000090, 0.054401 
0.005000092, 1.499200 
0.005000094, 1.499200 
0.005000096, 1.499200 
0.005000098, 1.499200 
0.005000100, 1.499200 
0.005000102, 1.499200 
0.005000104, 1.499200 
0.005000106, 1.499200 
0.005000108, 1.499200 
0.005000110, 1.499200 
0.005000112, 1.499200 
0.005000114, 1.499200 
0.005000116, 1.499200 
0.005000118, 1.499200 
0.005000124, 1.499200 
0.005000128, 2.968600 
0.005000130, 5.289200 
0.005000132, 10.036000 
0.005000134, 19.746000 
0.005000136, 39.603000 
0.005000138, 80.190000 
0.005000140, 163.070000 
0.005000142, 332.010000 
0.005000144, 675.020000 
0.005000146, 1365.900000 
0.005000148, 2735.100000 
0.005000150, 5359.900000 
0.005000152, 10062.000000 
0.005000154, 17397.000000 
0.005000156, 25934.000000 
0.005000158, 30479.000000 
0.005000160, 28922.000000 
0.005000162, 26059.000000 
0.005000164, 22768.000000 
0.005000166, 19499.000000 
0.005000168, 16470.000000 
0.005000170, 13768.000000 
0.005000172, 11418.000000 
0.005000174, 9406.900000 
0.005000176, 7707.600000 
0.005000178, 5463.600000 
0.005000180, 5987.700000 
0.005000182, 6434.300000 
0.005000184, 6792.900000 
0.005000186, 7056.500000 
0.005000188, 7222.000000 
0.005000190, 7289.400000 
0.005000192, 7262.300000 
0.005000194, 7146.700000 
0.005000196, 6951.000000 
0.005000198, 6685.300000 
0.005000200, 6360.900000 
0.005000202, 5989.800000 
0.005000204, 5584.000000 
0.005000206, 5155.200000 
0.005000208, 4714.300000 
0.005000210, 4271.400000 
0.005000212, 3835.300000 
0.005000214, 3413.200000 
0.005000216, 3011.300000 
0.005000218, 2634.000000 
0.005000220, 2284.700000 
0.005000222, 1965.400000 
0.005000224, 1676.900000 
0.005000226, 1419.200000 
0.005000228, 1191.600000 
0.005000230, 992.570000 
0.005000232, 820.360000 
0.005000234, 672.800000 
0.005000236, 547.550000 
0.005000238, 442.240000 
0.005000246, 174.570000 
0.005000248, 135.830000 
0.005000250, 104.920000 
0.005000256, 46.286000 
0.005000258, 34.732000 
0.005000260, 25.876000 
0.005000262, 19.142000 
0.005000264, 14.060000 
0.005000266, 10.254000 
0.005000268, 7.426100 
0.005000270, 5.340300 
0.005000272, 3.813600 
0.005000274, 2.704400 
0.005000276, 1.904500 
0.005000278, 1.331900 
0.005000280, 0.925010 
0.005000282, 0.638010 
0.005000284, 0.437030 
0.005000286, 0.297310 
0.005000288, 0.200870 
0.005000290, 0.134790 
0.005000292, 0.089832 
0.005000294, 0.059462 
0.005000296, 0.039091 
0.005000298, 0.025525 
0.005000300, 0.016554 
0.005000302, 0.010664 
0.005000304, 0.006823 
0.005000306, 0.004336 
0.005000308, 0.002737 
0.005000310, 0.001716 
0.005000312, 0.001069 
0.005000314, 0.000661 
0.005000316, 0.000406 
0.005000318, 0.000248 
0.005000320, 0.000150 
0.005000322, 0.000091 
0.005000324, 0.000054 
0.005000326, 0.000032 
0.005000328, 0.000019 
0.005000330, 0.000011 
0.005000332, 0.000006 
0.005000334, 0.000004 
0.005000336, 0.000002 
0.005000338, 0.000001 
0.005000340, 0.000001 
0.005000342, 0.000000 
0.005000344, 0.000000 
0.005000346, 0.000000 
0.005000348, 0.000000 
0.005000350, 0.000000 
0.005000352, 0.000000 
0.005000354, 0.000000 
0.005000356, 0.000000 
0.005000358, 0.000000 
0.005000360, 0.000000 
0.005000362, 0.000000 
0.005000364, 0.000000 
0.005000366, 0.000000 
0.005000368, 0.000000 
0.005000370, 0.000000 
0.005000372, 0.000000 
0.005000374, 0.000000 
0.005000376, 0.000000 
0.005000378, 0.000000 
0.005000380, 0.000000 
0.005000382, 0.000000 
0.005000384, 0.000000 
0.005000386, 0.000000 
0.005000388, 0.000000 
0.005000390, 0.000000 
0.005000392, 0.000000 
0.005000394, 0.000000 
0.005000396, 0.000000 
0.005000398, 0.000000 
0.005000400, 0.000000 
0.005000401, 0.000000 
0.006000000, 0.000000 
0.006000002, 0.000000 
0.006000004, 0.000000 
0.006000006, 0.000000 
0.006000008, 0.000000 
0.006000010, 0.000000 
0.006000012, 0.000001 
0.006000014, 0.000001 
0.006000016, 0.000001 
0.006000018, 0.000002 
0.006000020, 0.000003 
0.006000022, 0.000005 
0.006000024, 0.000007 
0.006000026, 0.000010 
0.006000028, 0.000015 
0.006000032, 0.000032 
0.006000034, 0.000045 
0.006000036, 0.000064 
0.006000038, 0.000091 
0.006000040, 0.000127 
0.006000042, 0.000177 
0.006000044, 0.000244 
0.006000046, 0.000335 
0.006000048, 0.000456 
0.006000050, 0.000616 
0.006000052, 0.000827 
0.006000054, 0.001102 
0.006000056, 0.001458 
0.006000058, 0.001915 
0.006000062, 0.003234 
0.006000064, 0.004156 
0.006000066, 0.005302 
0.006000068, 0.006714 
0.006000070, 0.008439 
0.006000072, 0.010528 
0.006000074, 0.013036 
0.006000076, 0.016018 
0.006000078, 0.019531 
0.006000080, 0.023631 
0.006000082, 0.028370 
0.006000084, 0.033790 
0.006000086, 0.039925 
0.006000088, 0.046795 
0.006000090, 0.054401 
0.006000092, 1.499200 
0.006000094, 1.499200 
0.006000096, 1.499200 
0.006000098, 1.499200 
0.006000100, 1.499200 
0.006000102, 1.499200 
0.006000104, 1.499200 
0.006000106, 1.499200 
0.006000108, 1.499200 
0.006000110, 1.499200 
0.006000112, 1.499200 
0.006000114, 1.499200 
0.006000116, 1.499200 
0.006000118, 1.499200 
0.006000124, 1.499200 
0.006000128, 2.968600 
0.006000130, 5.289200 
0.006000132, 10.036000 
0.006000134, 19.746000 
0.006000136, 39.603000 
0.006000138, 80.190000 
0.006000140, 163.070000 
0.006000142, 332.010000 
0.006000144, 675.020000 
0.006000146, 1365.900000 
0.006000148, 2735.100000 
0.006000150, 5359.900000 
0.006000152, 10062.000000 
0.006000154, 17397.000000 
0.006000156, 25934.000000 
0.006000158, 30479.000000 
0.006000160, 28922.000000 
0.006000162, 26059.000000 
0.006000164, 22768.000000 
0.006000166, 19499.000000 
0.006000168, 16470.000000 
0.006000170, 13768.000000 
0.006000172, 11418.000000 
0.006000174, 9406.900000 
0.006000176, 7707.600000 
0.006000178, 5463.600000 
0.006000180, 5987.700000 
0.006000182, 6434.300000 
0.006000184, 6792.900000 
0.006000186, 7056.500000 
0.006000188, 7222.000000 
0.006000190, 7289.400000 
0.006000192, 7262.300000 
0.006000194, 7146.700000 
0.006000196, 6951.000000 
0.006000198, 6685.300000 
0.006000200, 6360.900000 
0.006000202, 5989.800000 
0.006000204, 5584.000000 
0.006000206, 5155.200000 
0.006000208, 4714.300000 
0.006000210, 4271.400000 
0.006000212, 3835.300000 
0.006000214, 3413.200000 
0.006000216, 3011.300000 
0.006000218, 2634.000000 
0.006000220, 2284.700000 
0.006000222, 1965.400000 
0.006000224, 1676.900000 
0.006000226, 1419.200000 
0.006000228, 1191.600000 
0.006000230, 992.570000 
0.006000232, 820.360000 
0.006000234, 672.800000 
0.006000236, 547.550000 
0.006000238, 442.240000 
0.006000246, 174.570000 
0.006000248, 135.830000 
0.006000250, 104.920000 
0.006000256, 46.286000 
0.006000258, 34.732000 
0.006000260, 25.876000 
0.006000262, 19.142000 
0.006000264, 14.060000 
0.006000266, 10.254000 
0.006000268, 7.426100 
0.006000270, 5.340300 
0.006000272, 3.813600 
0.006000274, 2.704400 
0.006000276, 1.904500 
0.006000278, 1.331900 
0.006000280, 0.925010 
0.006000282, 0.638010 
0.006000284, 0.437030 
0.006000286, 0.297310 
0.006000288, 0.200870 
0.006000290, 0.134790 
0.006000292, 0.089832 
0.006000294, 0.059462 
0.006000296, 0.039091 
0.006000298, 0.025525 
0.006000300, 0.016554 
0.006000302, 0.010664 
0.006000304, 0.006823 
0.006000306, 0.004336 
0.006000308, 0.002737 
0.006000310, 0.001716 
0.006000312, 0.001069 
0.006000314, 0.000661 
0.006000316, 0.000406 
0.006000318, 0.000248 
0.006000320, 0.000150 
0.006000322, 0.000091 
0.006000324, 0.000054 
0.006000326, 0.000032 
0.006000328, 0.000019 
0.006000330, 0.000011 
0.006000332, 0.000006 
0.006000334, 0.000004 
0.006000336, 0.000002 
0.006000338, 0.000001 
0.006000340, 0.000001 
0.006000342, 0.000000 
0.006000344, 0.000000 
0.006000346, 0.000000 
0.006000348, 0.000000 
0.006000350, 0.000000 
0.006000352, 0.000000 
0.006000354, 0.000000 
0.006000356, 0.000000 
0.006000358, 0.000000 
0.006000360, 0.000000 
0.006000362, 0.000000 
0.006000364, 0.000000 
0.006000366, 0.000000 
0.006000368, 0.000000 
0.006000370, 0.000000 
0.006000372, 0.000000 
0.006000374, 0.000000 
0.006000376, 0.000000 
0.006000378, 0.000000 
0.006000380, 0.000000 
0.006000382, 0.000000 
0.006000384, 0.000000 
0.006000386, 0.000000 
0.006000388, 0.000000 
0.006000390, 0.000000 
0.006000392, 0.000000 
0.006000394, 0.000000 
0.006000396, 0.000000 
0.006000398, 0.000000 
0.006000400, 0.000000 
0.006000401, 0.000000 
0.007000000, 0.000000 
0.007000002, 0.000000 
0.007000004, 0.000000 
0.007000006, 0.000000 
0.007000008, 0.000000 
0.007000010, 0.000000 
0.007000012, 0.000001 
0.007000014, 0.000001 
0.007000016, 0.000001 
0.007000018, 0.000002 
0.007000020, 0.000003 
0.007000022, 0.000005 
0.007000024, 0.000007 
0.007000026, 0.000010 
0.007000028, 0.000015 
0.007000032, 0.000032 
0.007000034, 0.000045 
0.007000036, 0.000064 
0.007000038, 0.000091 
0.007000040, 0.000127 
0.007000042, 0.000177 
0.007000044, 0.000244 
0.007000046, 0.000335 
0.007000048, 0.000456 
0.007000050, 0.000616 
0.007000052, 0.000827 
0.007000054, 0.001102 
0.007000056, 0.001458 
0.007000058, 0.001915 
0.007000062, 0.003234 
0.007000064, 0.004156 
0.007000066, 0.005302 
0.007000068, 0.006714 
0.007000070, 0.008439 
0.007000072, 0.010528 
0.007000074, 0.013036 
0.007000076, 0.016018 
0.007000078, 0.019531 
0.007000080, 0.023631 
0.007000082, 0.028370 
0.007000084, 0.033790 
0.007000086, 0.039925 
0.007000088, 0.046795 
0.007000090, 0.054401 
0.007000092, 1.499200 
0.007000094, 1.499200 
0.007000096, 1.499200 
0.007000098, 1.499200 
0.007000100, 1.499200 
0.007000102, 1.499200 
0.007000104, 1.499200 
0.007000106, 1.499200 
0.007000108, 1.499200 
0.007000110, 1.499200 
0.007000112, 1.499200 
0.007000114, 1.499200 
0.007000116, 1.499200 
0.007000118, 1.499200 
0.007000124, 1.499200 
0.007000128, 2.968600 
0.007000130, 5.289200 
0.007000132, 10.036000 
0.007000134, 19.746000 
0.007000136, 39.603000 
0.007000138, 80.190000 
0.007000140, 163.070000 
0.007000142, 332.010000 
0.007000144, 675.020000 
0.007000146, 1365.900000 
0.007000148, 2735.100000 
0.007000150, 5359.900000 
0.007000152, 10062.000000 
0.007000154, 17397.000000 
0.007000156, 25934.000000 
0.007000158, 30479.000000 
0.007000160, 28922.000000 
0.007000162, 26059.000000 
0.007000164, 22768.000000 
0.007000166, 19499.000000 
0.007000168, 16470.000000 
0.007000170, 13768.000000 
0.007000172, 11418.000000 
0.007000174, 9406.900000 
0.007000176, 7707.600000 
0.007000178, 5463.600000 
0.007000180, 5987.700000 
0.007000182, 6434.300000 
0.007000184, 6792.900000 
0.007000186, 7056.500000 
0.007000188, 7222.000000 
0.007000190, 7289.400000 
0.007000192, 7262.300000 
0.007000194, 7146.700000 
0.007000196, 6951.000000 
0.007000198, 6685.300000 
0.007000200, 6360.900000 
0.007000202, 5989.800000 
0.007000204, 5584.000000 
0.007000206, 5155.200000 
0.007000208, 4714.300000 
0.007000210, 4271.400000 
0.007000212, 3835.300000 
0.007000214, 3413.200000 
0.007000216, 3011.300000 
0.007000218, 2634.000000 
0.007000220, 2284.700000 
0.007000222, 1965.400000 
0.007000224, 1676.900000 
0.007000226, 1419.200000 
0.007000228, 1191.600000 
0.007000230, 992.570000 
0.007000232, 820.360000 
0.007000234, 672.800000 
0.007000236, 547.550000 
0.007000238, 442.240000 
0.007000246, 174.570000 
0.007000248, 135.830000 
0.007000250, 104.920000 
0.007000256, 46.286000 
0.007000258, 34.732000 
0.007000260, 25.876000 
0.007000262, 19.142000 
0.007000264, 14.060000 
0.007000266, 10.254000 
0.007000268, 7.426100 
0.007000270, 5.340300 
0.007000272, 3.813600 
0.007000274, 2.704400 
0.007000276, 1.904500 
0.007000278, 1.331900 
0.007000280, 0.925010 
0.007000282, 0.638010 
0.007000284, 0.437030 
0.007000286, 0.297310 
0.007000288, 0.200870 
0.007000290, 0.134790 
0.007000292, 0.089832 
0.007000294, 0.059462 
0.007000296, 0.039091 
0.007000298, 0.025525 
0.007000300, 0.016554 
0.007000302, 0.010664 
0.007000304, 0.006823 
0.007000306, 0.004336 
0.007000308, 0.002737 
0.007000310, 0.001716 
0.007000312, 0.001069 
0.007000314, 0.000661 
0.007000316, 0.000406 
0.007000318, 0.000248 
0.007000320, 0.000150 
0.007000322, 0.000091 
0.007000324, 0.000054 
0.007000326, 0.000032 
0.007000328, 0.000019 
0.007000330, 0.000011 
0.007000332, 0.000006 
0.007000334, 0.000004 
0.007000336, 0.000002 
0.007000338, 0.000001 
0.007000340, 0.000001 
0.007000342, 0.000000 
0.007000344, 0.000000 
0.007000346, 0.000000 
0.007000348, 0.000000 
0.007000350, 0.000000 
0.007000352, 0.000000 
0.007000354, 0.000000 
0.007000356, 0.000000 
0.007000358, 0.000000 
0.007000360, 0.000000 
0.007000362, 0.000000 
0.007000364, 0.000000 
0.007000366, 0.000000 
0.007000368, 0.000000 
0.007000370, 0.000000 
0.007000372, 0.000000 
0.007000374, 0.000000 
0.007000376, 0.000000 
0.007000378, 0.000000 
0.007000380, 0.000000 
0.007000382, 0.000000 
0.007000384, 0.000000 
0.007000386, 0.000000 
0.007000388, 0.000000 
0.007000390, 0.000000 
0.007000392, 0.000000 
0.007000394, 0.000000 
0.007000396, 0.000000 
0.007000398, 0.000000 
0.007000400, 0.000000 
0.007000401, 0.000000 
0.008000000, 0.000000 
0.008000002, 0.000000 
0.008000004, 0.000000 
0.008000006, 0.000000 
0.008000008, 0.000000 
0.008000010, 0.000000 
0.008000012, 0.000001 
0.008000014, 0.000001 
0.008000016, 0.000001 
0.008000018, 0.000002 
0.008000020, 0.000003 
0.008000022, 0.000005 
0.008000024, 0.000007 
0.008000026, 0.000010 
0.008000028, 0.000015 
0.008000032, 0.000032 
0.008000034, 0.000045 
0.008000036, 0.000064 
0.008000038, 0.000091 
0.008000040, 0.000127 
0.008000042, 0.000177 
0.008000044, 0.000244 
0.008000046, 0.000335 
0.008000048, 0.000456 
0.008000050, 0.000616 
0.008000052, 0.000827 
0.008000054, 0.001102 
0.008000056, 0.001458 
0.008000058, 0.001915 
0.008000062, 0.003234 
0.008000064, 0.004156 
0.008000066, 0.005302 
0.008000068, 0.006714 
0.008000070, 0.008439 
0.008000072, 0.010528 
0.008000074, 0.013036 
0.008000076, 0.016018 
0.008000078, 0.019531 
0.008000080, 0.023631 
0.008000082, 0.028370 
0.008000084, 0.033790 
0.008000086, 0.039925 
0.008000088, 0.046795 
0.008000090, 0.054401 
0.008000092, 1.499200 
0.008000094, 1.499200 
0.008000096, 1.499200 
0.008000098, 1.499200 
0.008000100, 1.499200 
0.008000102, 1.499200 
0.008000104, 1.499200 
0.008000106, 1.499200 
0.008000108, 1.499200 
0.008000110, 1.499200 
0.008000112, 1.499200 
0.008000114, 1.499200 
0.008000116, 1.499200 
0.008000118, 1.499200 
0.008000124, 1.499200 
0.008000128, 2.968600 
0.008000130, 5.289200 
0.008000132, 10.036000 
0.008000134, 19.746000 
0.008000136, 39.603000 
0.008000138, 80.190000 
0.008000140, 163.070000 
0.008000142, 332.010000 
0.008000144, 675.020000 
0.008000146, 1365.900000 
0.008000148, 2735.100000 
0.008000150, 5359.900000 
0.008000152, 10062.000000 
0.008000154, 17397.000000 
0.008000156, 25934.000000 
0.008000158, 30479.000000 
0.008000160, 28922.000000 
0.008000162, 26059.000000 
0.008000164, 22768.000000 
0.008000166, 19499.000000 
0.008000168, 16470.000000 
0.008000170, 13768.000000 
0.008000172, 11418.000000 
0.008000174, 9406.900000 
0.008000176, 7707.600000 
0.008000178, 5463.600000 
0.008000180, 5987.700000 
0.008000182, 6434.300000 
0.008000184, 6792.900000 
0.008000186, 7056.500000 
0.008000188, 7222.000000 
0.008000190, 7289.400000 
0.008000192, 7262.300000 
0.008000194, 7146.700000 
0.008000196, 6951.000000 
0.008000198, 6685.300000 
0.008000200, 6360.900000 
0.008000202, 5989.800000 
0.008000204, 5584.000000 
0.008000206, 5155.200000 
0.008000208, 4714.300000 
0.008000210, 4271.400000 
0.008000212, 3835.300000 
0.008000214, 3413.200000 
0.008000216, 3011.300000 
0.008000218, 2634.000000 
0.008000220, 2284.700000 
0.008000222, 1965.400000 
0.008000224, 1676.900000 
0.008000226, 1419.200000 
0.008000228, 1191.600000 
0.008000230, 992.570000 
0.008000232, 820.360000 
0.008000234, 672.800000 
0.008000236, 547.550000 
0.008000238, 442.240000 
0.008000246, 174.570000 
0.008000248, 135.830000 
0.008000250, 104.920000 
0.008000256, 46.286000 
0.008000258, 34.732000 
0.008000260, 25.876000 
0.008000262, 19.142000 
0.008000264, 14.060000 
0.008000266, 10.254000 
0.008000268, 7.426100 
0.008000270, 5.340300 
0.008000272, 3.813600 
0.008000274, 2.704400 
0.008000276, 1.904500 
0.008000278, 1.331900 
0.008000280, 0.925010 
0.008000282, 0.638010 
0.008000284, 0.437030 
0.008000286, 0.297310 
0.008000288, 0.200870 
0.008000290, 0.134790 
0.008000292, 0.089832 
0.008000294, 0.059462 
0.008000296, 0.039091 
0.008000298, 0.025525 
0.008000300, 0.016554 
0.008000302, 0.010664 
0.008000304, 0.006823 
0.008000306, 0.004336 
0.008000308, 0.002737 
0.008000310, 0.001716 
0.008000312, 0.001069 
0.008000314, 0.000661 
0.008000316, 0.000406 
0.008000318, 0.000248 
0.008000320, 0.000150 
0.008000322, 0.000091 
0.008000324, 0.000054 
0.008000326, 0.000032 
0.008000328, 0.000019 
0.008000330, 0.000011 
0.008000332, 0.000006 
0.008000334, 0.000004 
0.008000336, 0.000002 
0.008000338, 0.000001 
0.008000340, 0.000001 
0.008000342, 0.000000 
0.008000344, 0.000000 
0.008000346, 0.000000 
0.008000348, 0.000000 
0.008000350, 0.000000 
0.008000352, 0.000000 
0.008000354, 0.000000 
0.008000356, 0.000000 
0.008000358, 0.000000 
0.008000360, 0.000000 
0.008000362, 0.000000 
0.008000364, 0.000000 
0.008000366, 0.000000 
0.008000368, 0.000000 
0.008000370, 0.000000 
0.008000372, 0.000000 
0.008000374, 0.000000 
0.008000376, 0.000000 
0.008000378, 0.000000 
0.008000380, 0.000000 
0.008000382, 0.000000 
0.008000384, 0.000000 
0.008000386, 0.000000 
0.008000388, 0.000000 
0.008000390, 0.000000 
0.008000392, 0.000000 
0.008000394, 0.000000 
0.008000396, 0.000000 
0.008000398, 0.000000 
0.008000400, 0.000000 
0.008000401, 0.000000 
0.009000000, 0.000000 
0.009000002, 0.000000 
0.009000004, 0.000000 
0.009000006, 0.000000 
0.009000008, 0.000000 
0.009000010, 0.000000 
0.009000012, 0.000001 
0.009000014, 0.000001 
0.009000016, 0.000001 
0.009000018, 0.000002 
0.009000020, 0.000003 
0.009000022, 0.000005 
0.009000024, 0.000007 
0.009000026, 0.000010 
0.009000028, 0.000015 
0.009000032, 0.000032 
0.009000034, 0.000045 
0.009000036, 0.000064 
0.009000038, 0.000091 
0.009000040, 0.000127 
0.009000042, 0.000177 
0.009000044, 0.000244 
0.009000046, 0.000335 
0.009000048, 0.000456 
0.009000050, 0.000616 
0.009000052, 0.000827 
0.009000054, 0.001102 
0.009000056, 0.001458 
0.009000058, 0.001915 
0.009000062, 0.003234 
0.009000064, 0.004156 
0.009000066, 0.005302 
0.009000068, 0.006714 
0.009000070, 0.008439 
0.009000072, 0.010528 
0.009000074, 0.013036 
0.009000076, 0.016018 
0.009000078, 0.019531 
0.009000080, 0.023631 
0.009000082, 0.028370 
0.009000084, 0.033790 
0.009000086, 0.039925 
0.009000088, 0.046795 
0.009000090, 0.054401 
0.009000092, 1.499200 
0.009000094, 1.499200 
0.009000096, 1.499200 
0.009000098, 1.499200 
0.009000100, 1.499200 
0.009000102, 1.499200 
0.009000104, 1.499200 
0.009000106, 1.499200 
0.009000108, 1.499200 
0.009000110, 1.499200 
0.009000112, 1.499200 
0.009000114, 1.499200 
0.009000116, 1.499200 
0.009000118, 1.499200 
0.009000124, 1.499200 
0.009000128, 2.968600 
0.009000130, 5.289200 
0.009000132, 10.036000 
0.009000134, 19.746000 
0.009000136, 39.603000 
0.009000138, 80.190000 
0.009000140, 163.070000 
0.009000142, 332.010000 
0.009000144, 675.020000 
0.009000146, 1365.900000 
0.009000148, 2735.100000 
0.009000150, 5359.900000 
0.009000152, 10062.000000 
0.009000154, 17397.000000 
0.009000156, 25934.000000 
0.009000158, 30479.000000 
0.009000160, 28922.000000 
0.009000162, 26059.000000 
0.009000164, 22768.000000 
0.009000166, 19499.000000 
0.009000168, 16470.000000 
0.009000170, 13768.000000 
0.009000172, 11418.000000 
0.009000174, 9406.900000 
0.009000176, 7707.600000 
0.009000178, 5463.600000 
0.009000180, 5987.700000 
0.009000182, 6434.300000 
0.009000184, 6792.900000 
0.009000186, 7056.500000 
0.009000188, 7222.000000 
0.009000190, 7289.400000 
0.009000192, 7262.300000 
0.009000194, 7146.700000 
0.009000196, 6951.000000 
0.009000198, 6685.300000 
0.009000200, 6360.900000 
0.009000202, 5989.800000 
0.009000204, 5584.000000 
0.009000206, 5155.200000 
0.009000208, 4714.300000 
0.009000210, 4271.400000 
0.009000212, 3835.300000 
0.009000214, 3413.200000 
0.009000216, 3011.300000 
0.009000218, 2634.000000 
0.009000220, 2284.700000 
0.009000222, 1965.400000 
0.009000224, 1676.900000 
0.009000226, 1419.200000 
0.009000228, 1191.600000 
0.009000230, 992.570000 
0.009000232, 820.360000 
0.009000234, 672.800000 
0.009000236, 547.550000 
0.009000238, 442.240000 
0.009000246, 174.570000 
0.009000248, 135.830000 
0.009000250, 104.920000 
0.009000256, 46.286000 
0.009000258, 34.732000 
0.009000260, 25.876000 
0.009000262, 19.142000 
0.009000264, 14.060000 
0.009000266, 10.254000 
0.009000268, 7.426100 
0.009000270, 5.340300 
0.009000272, 3.813600 
0.009000274, 2.704400 
0.009000276, 1.904500 
0.009000278, 1.331900 
0.009000280, 0.925010 
0.009000282, 0.638010 
0.009000284, 0.437030 
0.009000286, 0.297310 
0.009000288, 0.200870 
0.009000290, 0.134790 
0.009000292, 0.089832 
0.009000294, 0.059462 
0.009000296, 0.039091 
0.009000298, 0.025525 
0.009000300, 0.016554 
0.009000302, 0.010664 
0.009000304, 0.006823 
0.009000306, 0.004336 
0.009000308, 0.002737 
0.009000310, 0.001716 
0.009000312, 0.001069 
0.009000314, 0.000661 
0.009000316, 0.000406 
0.009000318, 0.000248 
0.009000320, 0.000150 
0.009000322, 0.000091 
0.009000324, 0.000054 
0.009000326, 0.000032 
0.009000328, 0.000019 
0.009000330, 0.000011 
0.009000332, 0.000006 
0.009000334, 0.000004 
0.009000336, 0.000002 
0.009000338, 0.000001 
0.009000340, 0.000001 
0.009000342, 0.000000 
0.009000344, 0.000000 
0.009000346, 0.000000 
0.009000348, 0.000000 
0.009000350, 0.000000 
0.009000352, 0.000000 
0.009000354, 0.000000 
0.009000356, 0.000000 
0.009000358, 0.000000 
0.009000360, 0.000000 
0.009000362, 0.000000 
0.009000364, 0.000000 
0.009000366, 0.000000 
0.009000368, 0.000000 
0.009000370, 0.000000 
0.009000372, 0.000000 
0.009000374, 0.000000 
0.009000376, 0.000000 
0.009000378, 0.000000 
0.009000380, 0.000000 
0.009000382, 0.000000 
0.009000384, 0.000000 
0.009000386, 0.000000 
0.009000388, 0.000000 
0.009000390, 0.000000 
0.009000392, 0.000000 
0.009000394, 0.000000 
0.009000396, 0.000000 
0.009000398, 0.000000 
0.009000400, 0.000000 
0.009000401, 0.000000 
0.010000000, 0.000000 
0.010000002, 0.000000 
0.010000004, 0.000000 
0.010000006, 0.000000 
0.010000008, 0.000000 
0.010000010, 0.000000 
0.010000012, 0.000001 
0.010000014, 0.000001 
0.010000016, 0.000001 
0.010000018, 0.000002 
0.010000020, 0.000003 
0.010000022, 0.000005 
0.010000024, 0.000007 
0.010000026, 0.000010 
0.010000028, 0.000015 
0.010000032, 0.000032 
0.010000034, 0.000045 
0.010000036, 0.000064 
0.010000038, 0.000091 
0.010000040, 0.000127 
0.010000042, 0.000177 
0.010000044, 0.000244 
0.010000046, 0.000335 
0.010000048, 0.000456 
0.010000050, 0.000616 
0.010000052, 0.000827 
0.010000054, 0.001102 
0.010000056, 0.001458 
0.010000058, 0.001915 
0.010000062, 0.003234 
0.010000064, 0.004156 
0.010000066, 0.005302 
0.010000068, 0.006714 
0.010000070, 0.008439 
0.010000072, 0.010528 
0.010000074, 0.013036 
0.010000076, 0.016018 
0.010000078, 0.019531 
0.010000080, 0.023631 
0.010000082, 0.028370 
0.010000084, 0.033790 
0.010000086, 0.039925 
0.010000088, 0.046795 
0.010000090, 0.054401 
0.010000092, 1.499200 
0.010000094, 1.499200 
0.010000096, 1.499200 
0.010000098, 1.499200 
0.010000100, 1.499200 
0.010000102, 1.499200 
0.010000104, 1.499200 
0.010000106, 1.499200 
0.010000108, 1.499200 
0.010000110, 1.499200 
0.010000112, 1.499200 
0.010000114, 1.499200 
0.010000116, 1.499200 
0.010000118, 1.499200 
0.010000124, 1.499200 
0.010000128, 2.968600 
0.010000130, 5.289200 
0.010000132, 10.036000 
0.010000134, 19.746000 
0.010000136, 39.603000 
0.010000138, 80.190000 
0.010000140, 163.070000 
0.010000142, 332.010000 
0.010000144, 675.020000 
0.010000146, 1365.900000 
0.010000148, 2735.100000 
0.010000150, 5359.900000 
0.010000152, 10062.000000 
0.010000154, 17397.000000 
0.010000156, 25934.000000 
0.010000158, 30479.000000 
0.010000160, 28922.000000 
0.010000162, 26059.000000 
0.010000164, 22768.000000 
0.010000166, 19499.000000 
0.010000168, 16470.000000 
0.010000170, 13768.000000 
0.010000172, 11418.000000 
0.010000174, 9406.900000 
0.010000176, 7707.600000 
0.010000178, 5463.600000 
0.010000180, 5987.700000 
0.010000182, 6434.300000 
0.010000184, 6792.900000 
0.010000186, 7056.500000 
0.010000188, 7222.000000 
0.010000190, 7289.400000 
0.010000192, 7262.300000 
0.010000194, 7146.700000 
0.010000196, 6951.000000 
0.010000198, 6685.300000 
0.010000200, 6360.900000 
0.010000202, 5989.800000 
0.010000204, 5584.000000 
0.010000206, 5155.200000 
0.010000208, 4714.300000 
0.010000210, 4271.400000 
0.010000212, 3835.300000 
0.010000214, 3413.200000 
0.010000216, 3011.300000 
0.010000218, 2634.000000 
0.010000220, 2284.700000 
0.010000222, 1965.400000 
0.010000224, 1676.900000 
0.010000226, 1419.200000 
0.010000228, 1191.600000 
0.010000230, 992.570000 
0.010000232, 820.360000 
0.010000234, 672.800000 
0.010000236, 547.550000 
0.010000238, 442.240000 
0.010000246, 174.570000 
0.010000248, 135.830000 
0.010000250, 104.920000 
0.010000256, 46.286000 
0.010000258, 34.732000 
0.010000260, 25.876000 
0.010000262, 19.142000 
0.010000264, 14.060000 
0.010000266, 10.254000 
0.010000268, 7.426100 
0.010000270, 5.340300 
0.010000272, 3.813600 
0.010000274, 2.704400 
0.010000276, 1.904500 
0.010000278, 1.331900 
0.010000280, 0.925010 
0.010000282, 0.638010 
0.010000284, 0.437030 
0.010000286, 0.297310 
0.010000288, 0.200870 
0.010000290, 0.134790 
0.010000292, 0.089832 
0.010000294, 0.059462 
0.010000296, 0.039091 
0.010000298, 0.025525 
0.010000300, 0.016554 
0.010000302, 0.010664 
0.010000304, 0.006823 
0.010000306, 0.004336 
0.010000308, 0.002737 
0.010000310, 0.001716 
0.010000312, 0.001069 
0.010000314, 0.000661 
0.010000316, 0.000406 
0.010000318, 0.000248 
0.010000320, 0.000150 
0.010000322, 0.000091 
0.010000324, 0.000054 
0.010000326, 0.000032 
0.010000328, 0.000019 
0.010000330, 0.000011 
0.010000332, 0.000006 
0.010000334, 0.000004 
0.010000336, 0.000002 
0.010000338, 0.000001 
0.010000340, 0.000001 
0.010000342, 0.000000 
0.010000344, 0.000000 
0.010000346, 0.000000 
0.010000348, 0.000000 
0.010000350, 0.000000 
0.010000352, 0.000000 
0.010000354, 0.000000 
0.010000356, 0.000000 
0.010000358, 0.000000 
0.010000360, 0.000000 
0.010000362, 0.000000 
0.010000364, 0.000000 
0.010000366, 0.000000 
0.010000368, 0.000000 
0.010000370, 0.000000 
0.010000372, 0.000000 
0.010000374, 0.000000 
0.010000376, 0.000000 
0.010000378, 0.000000 
0.010000380, 0.000000 
0.010000382, 0.000000 
0.010000384, 0.000000 
0.010000386, 0.000000 
0.010000388, 0.000000 
0.010000390, 0.000000 
0.010000392, 0.000000 
0.010000394, 0.000000 
0.010000396, 0.000000 
0.010000398, 0.000000 
0.010000400, 0.000000 
0.010000401, 0.000000 
0.011000000, 0.000000 
0.011000002, 0.000000 
0.011000004, 0.000000 
0.011000006, 0.000000 
0.011000008, 0.000000 
0.011000010, 0.000000 
0.011000012, 0.000001 
0.011000014, 0.000001 
0.011000016, 0.000001 
0.011000018, 0.000002 
0.011000020, 0.000003 
0.011000022, 0.000005 
0.011000024, 0.000007 
0.011000026, 0.000010 
0.011000028, 0.000015 
0.011000032, 0.000032 
0.011000034, 0.000045 
0.011000036, 0.000064 
0.011000038, 0.000091 
0.011000040, 0.000127 
0.011000042, 0.000177 
0.011000044, 0.000244 
0.011000046, 0.000335 
0.011000048, 0.000456 
0.011000050, 0.000616 
0.011000052, 0.000827 
0.011000054, 0.001102 
0.011000056, 0.001458 
0.011000058, 0.001915 
0.011000062, 0.003234 
0.011000064, 0.004156 
0.011000066, 0.005302 
0.011000068, 0.006714 
0.011000070, 0.008439 
0.011000072, 0.010528 
0.011000074, 0.013036 
0.011000076, 0.016018 
0.011000078, 0.019531 
0.011000080, 0.023631 
0.011000082, 0.028370 
0.011000084, 0.033790 
0.011000086, 0.039925 
0.011000088, 0.046795 
0.011000090, 0.054401 
0.011000092, 1.499200 
0.011000094, 1.499200 
0.011000096, 1.499200 
0.011000098, 1.499200 
0.011000100, 1.499200 
0.011000102, 1.499200 
0.011000104, 1.499200 
0.011000106, 1.499200 
0.011000108, 1.499200 
0.011000110, 1.499200 
0.011000112, 1.499200 
0.011000114, 1.499200 
0.011000116, 1.499200 
0.011000118, 1.499200 
0.011000124, 1.499200 
0.011000128, 2.968600 
0.011000130, 5.289200 
0.011000132, 10.036000 
0.011000134, 19.746000 
0.011000136, 39.603000 
0.011000138, 80.190000 
0.011000140, 163.070000 
0.011000142, 332.010000 
0.011000144, 675.020000 
0.011000146, 1365.900000 
0.011000148, 2735.100000 
0.011000150, 5359.900000 
0.011000152, 10062.000000 
0.011000154, 17397.000000 
0.011000156, 25934.000000 
0.011000158, 30479.000000 
0.011000160, 28922.000000 
0.011000162, 26059.000000 
0.011000164, 22768.000000 
0.011000166, 19499.000000 
0.011000168, 16470.000000 
0.011000170, 13768.000000 
0.011000172, 11418.000000 
0.011000174, 9406.900000 
0.011000176, 7707.600000 
0.011000178, 5463.600000 
0.011000180, 5987.700000 
0.011000182, 6434.300000 
0.011000184, 6792.900000 
0.011000186, 7056.500000 
0.011000188, 7222.000000 
0.011000190, 7289.400000 
0.011000192, 7262.300000 
0.011000194, 7146.700000 
0.011000196, 6951.000000 
0.011000198, 6685.300000 
0.011000200, 6360.900000 
0.011000202, 5989.800000 
0.011000204, 5584.000000 
0.011000206, 5155.200000 
0.011000208, 4714.300000 
0.011000210, 4271.400000 
0.011000212, 3835.300000 
0.011000214, 3413.200000 
0.011000216, 3011.300000 
0.011000218, 2634.000000 
0.011000220, 2284.700000 
0.011000222, 1965.400000 
0.011000224, 1676.900000 
0.011000226, 1419.200000 
0.011000228, 1191.600000 
0.011000230, 992.570000 
0.011000232, 820.360000 
0.011000234, 672.800000 
0.011000236, 547.550000 
0.011000238, 442.240000 
0.011000246, 174.570000 
0.011000248, 135.830000 
0.011000250, 104.920000 
0.011000256, 46.286000 
0.011000258, 34.732000 
0.011000260, 25.876000 
0.011000262, 19.142000 
0.011000264, 14.060000 
0.011000266, 10.254000 
0.011000268, 7.426100 
0.011000270, 5.340300 
0.011000272, 3.813600 
0.011000274, 2.704400 
0.011000276, 1.904500 
0.011000278, 1.331900 
0.011000280, 0.925010 
0.011000282, 0.638010 
0.011000284, 0.437030 
0.011000286, 0.297310 
0.011000288, 0.200870 
0.011000290, 0.134790 
0.011000292, 0.089832 
0.011000294, 0.059462 
0.011000296, 0.039091 
0.011000298, 0.025525 
0.011000300, 0.016554 
0.011000302, 0.010664 
0.011000304, 0.006823 
0.011000306, 0.004336 
0.011000308, 0.002737 
0.011000310, 0.001716 
0.011000312, 0.001069 
0.011000314, 0.000661 
0.011000316, 0.000406 
0.011000318, 0.000248 
0.011000320, 0.000150 
0.011000322, 0.000091 
0.011000324, 0.000054 
0.011000326, 0.000032 
0.011000328, 0.000019 
0.011000330, 0.000011 
0.011000332, 0.000006 
0.011000334, 0.000004 
0.011000336, 0.000002 
0.011000338, 0.000001 
0.011000340, 0.000001 
0.011000342, 0.000000 
0.011000344, 0.000000 
0.011000346, 0.000000 
0.011000348, 0.000000 
0.011000350, 0.000000 
0.011000352, 0.000000 
0.011000354, 0.000000 
0.011000356, 0.000000 
0.011000358, 0.000000 
0.011000360, 0.000000 
0.011000362, 0.000000 
0.011000364, 0.000000 
0.011000366, 0.000000 
0.011000368, 0.000000 
0.011000370, 0.000000 
0.011000372, 0.000000 
0.011000374, 0.000000 
0.011000376, 0.000000 
0.011000378, 0.000000 
0.011000380, 0.000000 
0.011000382, 0.000000 
0.011000384, 0.000000 
0.011000386, 0.000000 
0.011000388, 0.000000 
0.011000390, 0.000000 
0.011000392, 0.000000 
0.011000394, 0.000000 
0.011000396, 0.000000 
0.011000398, 0.000000 
0.011000400, 0.000000 
0.011000401, 0.000000 
0.012000000, 0.000000 
0.012000002, 0.000000 
0.012000004, 0.000000 
0.012000006, 0.000000 
0.012000008, 0.000000 
0.012000010, 0.000000 
0.012000012, 0.000001 
0.012000014, 0.000001 
0.012000016, 0.000001 
0.012000018, 0.000002 
0.012000020, 0.000003 
0.012000022, 0.000005 
0.012000024, 0.000007 
0.012000026, 0.000010 
0.012000028, 0.000015 
0.012000032, 0.000032 
0.012000034, 0.000045 
0.012000036, 0.000064 
0.012000038, 0.000091 
0.012000040, 0.000127 
0.012000042, 0.000177 
0.012000044, 0.000244 
0.012000046, 0.000335 
0.012000048, 0.000456 
0.012000050, 0.000616 
0.012000052, 0.000827 
0.012000054, 0.001102 
0.012000056, 0.001458 
0.012000058, 0.001915 
0.012000062, 0.003234 
0.012000064, 0.004156 
0.012000066, 0.005302 
0.012000068, 0.006714 
0.012000070, 0.008439 
0.012000072, 0.010528 
0.012000074, 0.013036 
0.012000076, 0.016018 
0.012000078, 0.019531 
0.012000080, 0.023631 
0.012000082, 0.028370 
0.012000084, 0.033790 
0.012000086, 0.039925 
0.012000088, 0.046795 
0.012000090, 0.054401 
0.012000092, 1.499200 
0.012000094, 1.499200 
0.012000096, 1.499200 
0.012000098, 1.499200 
0.012000100, 1.499200 
0.012000102, 1.499200 
0.012000104, 1.499200 
0.012000106, 1.499200 
0.012000108, 1.499200 
0.012000110, 1.499200 
0.012000112, 1.499200 
0.012000114, 1.499200 
0.012000116, 1.499200 
0.012000118, 1.499200 
0.012000124, 1.499200 
0.012000128, 2.968600 
0.012000130, 5.289200 
0.012000132, 10.036000 
0.012000134, 19.746000 
0.012000136, 39.603000 
0.012000138, 80.190000 
0.012000140, 163.070000 
0.012000142, 332.010000 
0.012000144, 675.020000 
0.012000146, 1365.900000 
0.012000148, 2735.100000 
0.012000150, 5359.900000 
0.012000152, 10062.000000 
0.012000154, 17397.000000 
0.012000156, 25934.000000 
0.012000158, 30479.000000 
0.012000160, 28922.000000 
0.012000162, 26059.000000 
0.012000164, 22768.000000 
0.012000166, 19499.000000 
0.012000168, 16470.000000 
0.012000170, 13768.000000 
0.012000172, 11418.000000 
0.012000174, 9406.900000 
0.012000176, 7707.600000 
0.012000178, 5463.600000 
0.012000180, 5987.700000 
0.012000182, 6434.300000 
0.012000184, 6792.900000 
0.012000186, 7056.500000 
0.012000188, 7222.000000 
0.012000190, 7289.400000 
0.012000192, 7262.300000 
0.012000194, 7146.700000 
0.012000196, 6951.000000 
0.012000198, 6685.300000 
0.012000200, 6360.900000 
0.012000202, 5989.800000 
0.012000204, 5584.000000 
0.012000206, 5155.200000 
0.012000208, 4714.300000 
0.012000210, 4271.400000 
0.012000212, 3835.300000 
0.012000214, 3413.200000 
0.012000216, 3011.300000 
0.012000218, 2634.000000 
0.012000220, 2284.700000 
0.012000222, 1965.400000 
0.012000224, 1676.900000 
0.012000226, 1419.200000 
0.012000228, 1191.600000 
0.012000230, 992.570000 
0.012000232, 820.360000 
0.012000234, 672.800000 
0.012000236, 547.550000 
0.012000238, 442.240000 
0.012000246, 174.570000 
0.012000248, 135.830000 
0.012000250, 104.920000 
0.012000256, 46.286000 
0.012000258, 34.732000 
0.012000260, 25.876000 
0.012000262, 19.142000 
0.012000264, 14.060000 
0.012000266, 10.254000 
0.012000268, 7.426100 
0.012000270, 5.340300 
0.012000272, 3.813600 
0.012000274, 2.704400 
0.012000276, 1.904500 
0.012000278, 1.331900 
0.012000280, 0.925010 
0.012000282, 0.638010 
0.012000284, 0.437030 
0.012000286, 0.297310 
0.012000288, 0.200870 
0.012000290, 0.134790 
0.012000292, 0.089832 
0.012000294, 0.059462 
0.012000296, 0.039091 
0.012000298, 0.025525 
0.012000300, 0.016554 
0.012000302, 0.010664 
0.012000304, 0.006823 
0.012000306, 0.004336 
0.012000308, 0.002737 
0.012000310, 0.001716 
0.012000312, 0.001069 
0.012000314, 0.000661 
0.012000316, 0.000406 
0.012000318, 0.000248 
0.012000320, 0.000150 
0.012000322, 0.000091 
0.012000324, 0.000054 
0.012000326, 0.000032 
0.012000328, 0.000019 
0.012000330, 0.000011 
0.012000332, 0.000006 
0.012000334, 0.000004 
0.012000336, 0.000002 
0.012000338, 0.000001 
0.012000340, 0.000001 
0.012000342, 0.000000 
0.012000344, 0.000000 
0.012000346, 0.000000 
0.012000348, 0.000000 
0.012000350, 0.000000 
0.012000352, 0.000000 
0.012000354, 0.000000 
0.012000356, 0.000000 
0.012000358, 0.000000 
0.012000360, 0.000000 
0.012000362, 0.000000 
0.012000364, 0.000000 
0.012000366, 0.000000 
0.012000368, 0.000000 
0.012000370, 0.000000 
0.012000372, 0.000000 
0.012000374, 0.000000 
0.012000376, 0.000000 
0.012000378, 0.000000 
0.012000380, 0.000000 
0.012000382, 0.000000 
0.012000384, 0.000000 
0.012000386, 0.000000 
0.012000388, 0.000000 
0.012000390, 0.000000 
0.012000392, 0.000000 
0.012000394, 0.000000 
0.012000396, 0.000000 
0.012000398, 0.000000 
0.012000400, 0.000000 
0.012000401, 0.000000 
0.013000000, 0.000000 
0.013000002, 0.000000 
0.013000004, 0.000000 
0.013000006, 0.000000 
0.013000008, 0.000000 
0.013000010, 0.000000 
0.013000012, 0.000001 
0.013000014, 0.000001 
0.013000016, 0.000001 
0.013000018, 0.000002 
0.013000020, 0.000003 
0.013000022, 0.000005 
0.013000024, 0.000007 
0.013000026, 0.000010 
0.013000028, 0.000015 
0.013000032, 0.000032 
0.013000034, 0.000045 
0.013000036, 0.000064 
0.013000038, 0.000091 
0.013000040, 0.000127 
0.013000042, 0.000177 
0.013000044, 0.000244 
0.013000046, 0.000335 
0.013000048, 0.000456 
0.013000050, 0.000616 
0.013000052, 0.000827 
0.013000054, 0.001102 
0.013000056, 0.001458 
0.013000058, 0.001915 
0.013000062, 0.003234 
0.013000064, 0.004156 
0.013000066, 0.005302 
0.013000068, 0.006714 
0.013000070, 0.008439 
0.013000072, 0.010528 
0.013000074, 0.013036 
0.013000076, 0.016018 
0.013000078, 0.019531 
0.013000080, 0.023631 
0.013000082, 0.028370 
0.013000084, 0.033790 
0.013000086, 0.039925 
0.013000088, 0.046795 
0.013000090, 0.054401 
0.013000092, 1.499200 
0.013000094, 1.499200 
0.013000096, 1.499200 
0.013000098, 1.499200 
0.013000100, 1.499200 
0.013000102, 1.499200 
0.013000104, 1.499200 
0.013000106, 1.499200 
0.013000108, 1.499200 
0.013000110, 1.499200 
0.013000112, 1.499200 
0.013000114, 1.499200 
0.013000116, 1.499200 
0.013000118, 1.499200 
0.013000124, 1.499200 
0.013000128, 2.968600 
0.013000130, 5.289200 
0.013000132, 10.036000 
0.013000134, 19.746000 
0.013000136, 39.603000 
0.013000138, 80.190000 
0.013000140, 163.070000 
0.013000142, 332.010000 
0.013000144, 675.020000 
0.013000146, 1365.900000 
0.013000148, 2735.100000 
0.013000150, 5359.900000 
0.013000152, 10062.000000 
0.013000154, 17397.000000 
0.013000156, 25934.000000 
0.013000158, 30479.000000 
0.013000160, 28922.000000 
0.013000162, 26059.000000 
0.013000164, 22768.000000 
0.013000166, 19499.000000 
0.013000168, 16470.000000 
0.013000170, 13768.000000 
0.013000172, 11418.000000 
0.013000174, 9406.900000 
0.013000176, 7707.600000 
0.013000178, 5463.600000 
0.013000180, 5987.700000 
0.013000182, 6434.300000 
0.013000184, 6792.900000 
0.013000186, 7056.500000 
0.013000188, 7222.000000 
0.013000190, 7289.400000 
0.013000192, 7262.300000 
0.013000194, 7146.700000 
0.013000196, 6951.000000 
0.013000198, 6685.300000 
0.013000200, 6360.900000 
0.013000202, 5989.800000 
0.013000204, 5584.000000 
0.013000206, 5155.200000 
0.013000208, 4714.300000 
0.013000210, 4271.400000 
0.013000212, 3835.300000 
0.013000214, 3413.200000 
0.013000216, 3011.300000 
0.013000218, 2634.000000 
0.013000220, 2284.700000 
0.013000222, 1965.400000 
0.013000224, 1676.900000 
0.013000226, 1419.200000 
0.013000228, 1191.600000 
0.013000230, 992.570000 
0.013000232, 820.360000 
0.013000234, 672.800000 
0.013000236, 547.550000 
0.013000238, 442.240000 
0.013000246, 174.570000 
0.013000248, 135.830000 
0.013000250, 104.920000 
0.013000256, 46.286000 
0.013000258, 34.732000 
0.013000260, 25.876000 
0.013000262, 19.142000 
0.013000264, 14.060000 
0.013000266, 10.254000 
0.013000268, 7.426100 
0.013000270, 5.340300 
0.013000272, 3.813600 
0.013000274, 2.704400 
0.013000276, 1.904500 
0.013000278, 1.331900 
0.013000280, 0.925010 
0.013000282, 0.638010 
0.013000284, 0.437030 
0.013000286, 0.297310 
0.013000288, 0.200870 
0.013000290, 0.134790 
0.013000292, 0.089832 
0.013000294, 0.059462 
0.013000296, 0.039091 
0.013000298, 0.025525 
0.013000300, 0.016554 
0.013000302, 0.010664 
0.013000304, 0.006823 
0.013000306, 0.004336 
0.013000308, 0.002737 
0.013000310, 0.001716 
0.013000312, 0.001069 
0.013000314, 0.000661 
0.013000316, 0.000406 
0.013000318, 0.000248 
0.013000320, 0.000150 
0.013000322, 0.000091 
0.013000324, 0.000054 
0.013000326, 0.000032 
0.013000328, 0.000019 
0.013000330, 0.000011 
0.013000332, 0.000006 
0.013000334, 0.000004 
0.013000336, 0.000002 
0.013000338, 0.000001 
0.013000340, 0.000001 
0.013000342, 0.000000 
0.013000344, 0.000000 
0.013000346, 0.000000 
0.013000348, 0.000000 
0.013000350, 0.000000 
0.013000352, 0.000000 
0.013000354, 0.000000 
0.013000356, 0.000000 
0.013000358, 0.000000 
0.013000360, 0.000000 
0.013000362, 0.000000 
0.013000364, 0.000000 
0.013000366, 0.000000 
0.013000368, 0.000000 
0.013000370, 0.000000 
0.013000372, 0.000000 
0.013000374, 0.000000 
0.013000376, 0.000000 
0.013000378, 0.000000 
0.013000380, 0.000000 
0.013000382, 0.000000 
0.013000384, 0.000000 
0.013000386, 0.000000 
0.013000388, 0.000000 
0.013000390, 0.000000 
0.013000392, 0.000000 
0.013000394, 0.000000 
0.013000396, 0.000000 
0.013000398, 0.000000 
0.013000400, 0.000000 
0.013000401, 0.000000 
0.014000000, 0.000000 
0.014000002, 0.000000 
0.014000004, 0.000000 
0.014000006, 0.000000 
0.014000008, 0.000000 
0.014000010, 0.000000 
0.014000012, 0.000001 
0.014000014, 0.000001 
0.014000016, 0.000001 
0.014000018, 0.000002 
0.014000020, 0.000003 
0.014000022, 0.000005 
0.014000024, 0.000007 
0.014000026, 0.000010 
0.014000028, 0.000015 
0.014000032, 0.000032 
0.014000034, 0.000045 
0.014000036, 0.000064 
0.014000038, 0.000091 
0.014000040, 0.000127 
0.014000042, 0.000177 
0.014000044, 0.000244 
0.014000046, 0.000335 
0.014000048, 0.000456 
0.014000050, 0.000616 
0.014000052, 0.000827 
0.014000054, 0.001102 
0.014000056, 0.001458 
0.014000058, 0.001915 
0.014000062, 0.003234 
0.014000064, 0.004156 
0.014000066, 0.005302 
0.014000068, 0.006714 
0.014000070, 0.008439 
0.014000072, 0.010528 
0.014000074, 0.013036 
0.014000076, 0.016018 
0.014000078, 0.019531 
0.014000080, 0.023631 
0.014000082, 0.028370 
0.014000084, 0.033790 
0.014000086, 0.039925 
0.014000088, 0.046795 
0.014000090, 0.054401 
0.014000092, 1.499200 
0.014000094, 1.499200 
0.014000096, 1.499200 
0.014000098, 1.499200 
0.014000100, 1.499200 
0.014000102, 1.499200 
0.014000104, 1.499200 
0.014000106, 1.499200 
0.014000108, 1.499200 
0.014000110, 1.499200 
0.014000112, 1.499200 
0.014000114, 1.499200 
0.014000116, 1.499200 
0.014000118, 1.499200 
0.014000124, 1.499200 
0.014000128, 2.968600 
0.014000130, 5.289200 
0.014000132, 10.036000 
0.014000134, 19.746000 
0.014000136, 39.603000 
0.014000138, 80.190000 
0.014000140, 163.070000 
0.014000142, 332.010000 
0.014000144, 675.020000 
0.014000146, 1365.900000 
0.014000148, 2735.100000 
0.014000150, 5359.900000 
0.014000152, 10062.000000 
0.014000154, 17397.000000 
0.014000156, 25934.000000 
0.014000158, 30479.000000 
0.014000160, 28922.000000 
0.014000162, 26059.000000 
0.014000164, 22768.000000 
0.014000166, 19499.000000 
0.014000168, 16470.000000 
0.014000170, 13768.000000 
0.014000172, 11418.000000 
0.014000174, 9406.900000 
0.014000176, 7707.600000 
0.014000178, 5463.600000 
0.014000180, 5987.700000 
0.014000182, 6434.300000 
0.014000184, 6792.900000 
0.014000186, 7056.500000 
0.014000188, 7222.000000 
0.014000190, 7289.400000 
0.014000192, 7262.300000 
0.014000194, 7146.700000 
0.014000196, 6951.000000 
0.014000198, 6685.300000 
0.014000200, 6360.900000 
0.014000202, 5989.800000 
0.014000204, 5584.000000 
0.014000206, 5155.200000 
0.014000208, 4714.300000 
0.014000210, 4271.400000 
0.014000212, 3835.300000 
0.014000214, 3413.200000 
0.014000216, 3011.300000 
0.014000218, 2634.000000 
0.014000220, 2284.700000 
0.014000222, 1965.400000 
0.014000224, 1676.900000 
0.014000226, 1419.200000 
0.014000228, 1191.600000 
0.014000230, 992.570000 
0.014000232, 820.360000 
0.014000234, 672.800000 
0.014000236, 547.550000 
0.014000238, 442.240000 
0.014000246, 174.570000 
0.014000248, 135.830000 
0.014000250, 104.920000 
0.014000256, 46.286000 
0.014000258, 34.732000 
0.014000260, 25.876000 
0.014000262, 19.142000 
0.014000264, 14.060000 
0.014000266, 10.254000 
0.014000268, 7.426100 
0.014000270, 5.340300 
0.014000272, 3.813600 
0.014000274, 2.704400 
0.014000276, 1.904500 
0.014000278, 1.331900 
0.014000280, 0.925010 
0.014000282, 0.638010 
0.014000284, 0.437030 
0.014000286, 0.297310 
0.014000288, 0.200870 
0.014000290, 0.134790 
0.014000292, 0.089832 
0.014000294, 0.059462 
0.014000296, 0.039091 
0.014000298, 0.025525 
0.014000300, 0.016554 
0.014000302, 0.010664 
0.014000304, 0.006823 
0.014000306, 0.004336 
0.014000308, 0.002737 
0.014000310, 0.001716 
0.014000312, 0.001069 
0.014000314, 0.000661 
0.014000316, 0.000406 
0.014000318, 0.000248 
0.014000320, 0.000150 
0.014000322, 0.000091 
0.014000324, 0.000054 
0.014000326, 0.000032 
0.014000328, 0.000019 
0.014000330, 0.000011 
0.014000332, 0.000006 
0.014000334, 0.000004 
0.014000336, 0.000002 
0.014000338, 0.000001 
0.014000340, 0.000001 
0.014000342, 0.000000 
0.014000344, 0.000000 
0.014000346, 0.000000 
0.014000348, 0.000000 
0.014000350, 0.000000 
0.014000352, 0.000000 
0.014000354, 0.000000 
0.014000356, 0.000000 
0.014000358, 0.000000 
0.014000360, 0.000000 
0.014000362, 0.000000 
0.014000364, 0.000000 
0.014000366, 0.000000 
0.014000368, 0.000000 
0.014000370, 0.000000 
0.014000372, 0.000000 
0.014000374, 0.000000 
0.014000376, 0.000000 
0.014000378, 0.000000 
0.014000380, 0.000000 
0.014000382, 0.000000 
0.014000384, 0.000000 
0.014000386, 0.000000 
0.014000388, 0.000000 
0.014000390, 0.000000 
0.014000392, 0.000000 
0.014000394, 0.000000 
0.014000396, 0.000000 
0.014000398, 0.000000 
0.014000400, 0.000000 
0.014000401, 0.000000 
0.015000000, 0.000000 
0.015000002, 0.000000 
0.015000004, 0.000000 
0.015000006, 0.000000 
0.015000008, 0.000000 
0.015000010, 0.000000 
0.015000012, 0.000001 
0.015000014, 0.000001 
0.015000016, 0.000001 
0.015000018, 0.000002 
0.015000020, 0.000003 
0.015000022, 0.000005 
0.015000024, 0.000007 
0.015000026, 0.000010 
0.015000028, 0.000015 
0.015000032, 0.000032 
0.015000034, 0.000045 
0.015000036, 0.000064 
0.015000038, 0.000091 
0.015000040, 0.000127 
0.015000042, 0.000177 
0.015000044, 0.000244 
0.015000046, 0.000335 
0.015000048, 0.000456 
0.015000050, 0.000616 
0.015000052, 0.000827 
0.015000054, 0.001102 
0.015000056, 0.001458 
0.015000058, 0.001915 
0.015000062, 0.003234 
0.015000064, 0.004156 
0.015000066, 0.005302 
0.015000068, 0.006714 
0.015000070, 0.008439 
0.015000072, 0.010528 
0.015000074, 0.013036 
0.015000076, 0.016018 
0.015000078, 0.019531 
0.015000080, 0.023631 
0.015000082, 0.028370 
0.015000084, 0.033790 
0.015000086, 0.039925 
0.015000088, 0.046795 
0.015000090, 0.054401 
0.015000092, 1.499200 
0.015000094, 1.499200 
0.015000096, 1.499200 
0.015000098, 1.499200 
0.015000100, 1.499200 
0.015000102, 1.499200 
0.015000104, 1.499200 
0.015000106, 1.499200 
0.015000108, 1.499200 
0.015000110, 1.499200 
0.015000112, 1.499200 
0.015000114, 1.499200 
0.015000116, 1.499200 
0.015000118, 1.499200 
0.015000124, 1.499200 
0.015000128, 2.968600 
0.015000130, 5.289200 
0.015000132, 10.036000 
0.015000134, 19.746000 
0.015000136, 39.603000 
0.015000138, 80.190000 
0.015000140, 163.070000 
0.015000142, 332.010000 
0.015000144, 675.020000 
0.015000146, 1365.900000 
0.015000148, 2735.100000 
0.015000150, 5359.900000 
0.015000152, 10062.000000 
0.015000154, 17397.000000 
0.015000156, 25934.000000 
0.015000158, 30479.000000 
0.015000160, 28922.000000 
0.015000162, 26059.000000 
0.015000164, 22768.000000 
0.015000166, 19499.000000 
0.015000168, 16470.000000 
0.015000170, 13768.000000 
0.015000172, 11418.000000 
0.015000174, 9406.900000 
0.015000176, 7707.600000 
0.015000178, 5463.600000 
0.015000180, 5987.700000 
0.015000182, 6434.300000 
0.015000184, 6792.900000 
0.015000186, 7056.500000 
0.015000188, 7222.000000 
0.015000190, 7289.400000 
0.015000192, 7262.300000 
0.015000194, 7146.700000 
0.015000196, 6951.000000 
0.015000198, 6685.300000 
0.015000200, 6360.900000 
0.015000202, 5989.800000 
0.015000204, 5584.000000 
0.015000206, 5155.200000 
0.015000208, 4714.300000 
0.015000210, 4271.400000 
0.015000212, 3835.300000 
0.015000214, 3413.200000 
0.015000216, 3011.300000 
0.015000218, 2634.000000 
0.015000220, 2284.700000 
0.015000222, 1965.400000 
0.015000224, 1676.900000 
0.015000226, 1419.200000 
0.015000228, 1191.600000 
0.015000230, 992.570000 
0.015000232, 820.360000 
0.015000234, 672.800000 
0.015000236, 547.550000 
0.015000238, 442.240000 
0.015000246, 174.570000 
0.015000248, 135.830000 
0.015000250, 104.920000 
0.015000256, 46.286000 
0.015000258, 34.732000 
0.015000260, 25.876000 
0.015000262, 19.142000 
0.015000264, 14.060000 
0.015000266, 10.254000 
0.015000268, 7.426100 
0.015000270, 5.340300 
0.015000272, 3.813600 
0.015000274, 2.704400 
0.015000276, 1.904500 
0.015000278, 1.331900 
0.015000280, 0.925010 
0.015000282, 0.638010 
0.015000284, 0.437030 
0.015000286, 0.297310 
0.015000288, 0.200870 
0.015000290, 0.134790 
0.015000292, 0.089832 
0.015000294, 0.059462 
0.015000296, 0.039091 
0.015000298, 0.025525 
0.015000300, 0.016554 
0.015000302, 0.010664 
0.015000304, 0.006823 
0.015000306, 0.004336 
0.015000308, 0.002737 
0.015000310, 0.001716 
0.015000312, 0.001069 
0.015000314, 0.000661 
0.015000316, 0.000406 
0.015000318, 0.000248 
0.015000320, 0.000150 
0.015000322, 0.000091 
0.015000324, 0.000054 
0.015000326, 0.000032 
0.015000328, 0.000019 
0.015000330, 0.000011 
0.015000332, 0.000006 
0.015000334, 0.000004 
0.015000336, 0.000002 
0.015000338, 0.000001 
0.015000340, 0.000001 
0.015000342, 0.000000 
0.015000344, 0.000000 
0.015000346, 0.000000 
0.015000348, 0.000000 
0.015000350, 0.000000 
0.015000352, 0.000000 
0.015000354, 0.000000 
0.015000356, 0.000000 
0.015000358, 0.000000 
0.015000360, 0.000000 
0.015000362, 0.000000 
0.015000364, 0.000000 
0.015000366, 0.000000 
0.015000368, 0.000000 
0.015000370, 0.000000 
0.015000372, 0.000000 
0.015000374, 0.000000 
0.015000376, 0.000000 
0.015000378, 0.000000 
0.015000380, 0.000000 
0.015000382, 0.000000 
0.015000384, 0.000000 
0.015000386, 0.000000 
0.015000388, 0.000000 
0.015000390, 0.000000 
0.015000392, 0.000000 
0.015000394, 0.000000 
0.015000396, 0.000000 
0.015000398, 0.000000 
0.015000400, 0.000000 
0.015000401, 0.000000 
0.016000000, 0.000000 
0.016000002, 0.000000 
0.016000004, 0.000000 
0.016000006, 0.000000 
0.016000008, 0.000000 
0.016000010, 0.000000 
0.016000012, 0.000001 
0.016000014, 0.000001 
0.016000016, 0.000001 
0.016000018, 0.000002 
0.016000020, 0.000003 
0.016000022, 0.000005 
0.016000024, 0.000007 
0.016000026, 0.000010 
0.016000028, 0.000015 
0.016000032, 0.000032 
0.016000034, 0.000045 
0.016000036, 0.000064 
0.016000038, 0.000091 
0.016000040, 0.000127 
0.016000042, 0.000177 
0.016000044, 0.000244 
0.016000046, 0.000335 
0.016000048, 0.000456 
0.016000050, 0.000616 
0.016000052, 0.000827 
0.016000054, 0.001102 
0.016000056, 0.001458 
0.016000058, 0.001915 
0.016000062, 0.003234 
0.016000064, 0.004156 
0.016000066, 0.005302 
0.016000068, 0.006714 
0.016000070, 0.008439 
0.016000072, 0.010528 
0.016000074, 0.013036 
0.016000076, 0.016018 
0.016000078, 0.019531 
0.016000080, 0.023631 
0.016000082, 0.028370 
0.016000084, 0.033790 
0.016000086, 0.039925 
0.016000088, 0.046795 
0.016000090, 0.054401 
0.016000092, 1.499200 
0.016000094, 1.499200 
0.016000096, 1.499200 
0.016000098, 1.499200 
0.016000100, 1.499200 
0.016000102, 1.499200 
0.016000104, 1.499200 
0.016000106, 1.499200 
0.016000108, 1.499200 
0.016000110, 1.499200 
0.016000112, 1.499200 
0.016000114, 1.499200 
0.016000116, 1.499200 
0.016000118, 1.499200 
0.016000124, 1.499200 
0.016000128, 2.968600 
0.016000130, 5.289200 
0.016000132, 10.036000 
0.016000134, 19.746000 
0.016000136, 39.603000 
0.016000138, 80.190000 
0.016000140, 163.070000 
0.016000142, 332.010000 
0.016000144, 675.020000 
0.016000146, 1365.900000 
0.016000148, 2735.100000 
0.016000150, 5359.900000 
0.016000152, 10062.000000 
0.016000154, 17397.000000 
0.016000156, 25934.000000 
0.016000158, 30479.000000 
0.016000160, 28922.000000 
0.016000162, 26059.000000 
0.016000164, 22768.000000 
0.016000166, 19499.000000 
0.016000168, 16470.000000 
0.016000170, 13768.000000 
0.016000172, 11418.000000 
0.016000174, 9406.900000 
0.016000176, 7707.600000 
0.016000178, 5463.600000 
0.016000180, 5987.700000 
0.016000182, 6434.300000 
0.016000184, 6792.900000 
0.016000186, 7056.500000 
0.016000188, 7222.000000 
0.016000190, 7289.400000 
0.016000192, 7262.300000 
0.016000194, 7146.700000 
0.016000196, 6951.000000 
0.016000198, 6685.300000 
0.016000200, 6360.900000 
0.016000202, 5989.800000 
0.016000204, 5584.000000 
0.016000206, 5155.200000 
0.016000208, 4714.300000 
0.016000210, 4271.400000 
0.016000212, 3835.300000 
0.016000214, 3413.200000 
0.016000216, 3011.300000 
0.016000218, 2634.000000 
0.016000220, 2284.700000 
0.016000222, 1965.400000 
0.016000224, 1676.900000 
0.016000226, 1419.200000 
0.016000228, 1191.600000 
0.016000230, 992.570000 
0.016000232, 820.360000 
0.016000234, 672.800000 
0.016000236, 547.550000 
0.016000238, 442.240000 
0.016000246, 174.570000 
0.016000248, 135.830000 
0.016000250, 104.920000 
0.016000256, 46.286000 
0.016000258, 34.732000 
0.016000260, 25.876000 
0.016000262, 19.142000 
0.016000264, 14.060000 
0.016000266, 10.254000 
0.016000268, 7.426100 
0.016000270, 5.340300 
0.016000272, 3.813600 
0.016000274, 2.704400 
0.016000276, 1.904500 
0.016000278, 1.331900 
0.016000280, 0.925010 
0.016000282, 0.638010 
0.016000284, 0.437030 
0.016000286, 0.297310 
0.016000288, 0.200870 
0.016000290, 0.134790 
0.016000292, 0.089832 
0.016000294, 0.059462 
0.016000296, 0.039091 
0.016000298, 0.025525 
0.016000300, 0.016554 
0.016000302, 0.010664 
0.016000304, 0.006823 
0.016000306, 0.004336 
0.016000308, 0.002737 
0.016000310, 0.001716 
0.016000312, 0.001069 
0.016000314, 0.000661 
0.016000316, 0.000406 
0.016000318, 0.000248 
0.016000320, 0.000150 
0.016000322, 0.000091 
0.016000324, 0.000054 
0.016000326, 0.000032 
0.016000328, 0.000019 
0.016000330, 0.000011 
0.016000332, 0.000006 
0.016000334, 0.000004 
0.016000336, 0.000002 
0.016000338, 0.000001 
0.016000340, 0.000001 
0.016000342, 0.000000 
0.016000344, 0.000000 
0.016000346, 0.000000 
0.016000348, 0.000000 
0.016000350, 0.000000 
0.016000352, 0.000000 
0.016000354, 0.000000 
0.016000356, 0.000000 
0.016000358, 0.000000 
0.016000360, 0.000000 
0.016000362, 0.000000 
0.016000364, 0.000000 
0.016000366, 0.000000 
0.016000368, 0.000000 
0.016000370, 0.000000 
0.016000372, 0.000000 
0.016000374, 0.000000 
0.016000376, 0.000000 
0.016000378, 0.000000 
0.016000380, 0.000000 
0.016000382, 0.000000 
0.016000384, 0.000000 
0.016000386, 0.000000 
0.016000388, 0.000000 
0.016000390, 0.000000 
0.016000392, 0.000000 
0.016000394, 0.000000 
0.016000396, 0.000000 
0.016000398, 0.000000 
0.016000400, 0.000000 
0.016000401, 0.000000 
